REF_CHROM	REF_START	REF_END	SV_TYPE	Q_CHROM	Q_START	Q_END	ID	LEN	COV_REF	COV_Q
chr2L	886415	886442	CNV-Q	ptg000010l	5904773	5904800	0000000000	27	2	1
chr2L	866463	886415	CNV-R	ptg000010l	5924752	5904800	0000000001	19952	2	2
chr2L	1897029	1900910	CNV-R	ptg000010l	4898087	4894206	0000000002	3881	1	2
chr2L	1897026	1897029	DEL	ptg000010l	4894206	4894206	0000000003	3	0.666667	2
chr2L	2109523	2109529	nCNV-R	ptg000010l	4694689	4694683	0000000004	6	5	2
chr2L	2100431	2109523	DEL	ptg000010l	4694683	4694683	0000000005	9092	182.173	2
chr2L	2613579	2613586	CNV-Q	ptg000010l	4186899	4186906	0000000006	7	2	2
chr2L	2613586	2613586	INS	ptg000010l	4186906	4190625	0000000007	3719	2	38.9599
chr2L	2663031	2663041	CNV-R	ptg000010l	4139236	4139226	0000000008	10	2	2
chr2L	2661256	2663031	DEL	ptg000010l	4139226	4139226	0000000009	1775	50.1842	2
chr2L	4366791	4366803	CNV-Q	ptg000010l	2432460	2432472	0000000010	12	2	1
chr2L	4366803	4366803	INS	ptg000010l	2432472	2435440	0000000011	2968	2	121.372
chr2L	4545414	4546332	nCNV-Q	ptg000010l	2252012	2252930	0000000012	918	3	3
chr2L	4534282	4545414	nCNV-R	ptg000010l	2264062	2252930	0000000013	11132	3	3
chr2L	4903786	4903793	CNV-Q	ptg000010l	1893127	1893134	0000000014	7	2	1
chr2L	4903793	4903793	INS	ptg000010l	1893134	1894541	0000000015	1407	2	25.3014
chr2L	4928640	4940460	CNV-R	ptg000010l	1868280	1856460	0000000016	11820	2	2
chr2L	5104056	5104064	CNV-Q	ptg000010l	1691393	1691401	0000000017	8	2	2
chr2L	5104064	5104064	INS	ptg000010l	1691401	1692807	0000000018	1406	2	25.3087
chr2L	5999728	5999735	CNV-Q	ptg000010l	794300	794307	0000000019	7	2	2
chr2L	5999735	5999735	INS	ptg000010l	794307	795714	0000000020	1407	2	25.2957
chr2L	6152515	6153051	nCNV-Q	ptg000010l	640311	640847	0000000021	536	11	6
chr2L	6153003	6153142	nCNV-Q	ptg000010l	640983	640847	0000000022	139	9	6
chr2L	6153051	6153051	INS	ptg000010l	640847	640848	0000000023	1	10	13
chr2L	6471813	6471825	CNV-Q	ptg000010l	317784	317796	0000000024	12	2	2
chr2L	6471825	6471825	INS	ptg000010l	317796	321533	0000000025	3737	2	118.548
chr2L	6554839	6554849	CNV-Q	ptg000010l	233344	233354	0000000026	10	2	1
chr2L	6554849	6554849	INS	ptg000010l	233354	234758	0000000027	1404	2	25.3234
chr2L	6572439	6572448	nCNV-Q	ptg000010l	214331	214340	0000000028	9	2	3
chr2L	6572448	6572448	INS	ptg000010l	214340	215745	0000000029	1405	2	25.3146
chr2L	6594317	6594547	INS	ptg000010l	190792	192461	0000000030	1669	0.752174	24.7789
chr2L	17200623	17200632	CNV-R	ptg000021l	4265653	4265644	0000000031	9	2	2
chr2L	17199218	17200623	DEL	ptg000021l	4265644	4265644	0000000032	1405	81.1431	2
chr2L	17687543	17692258	DEL	ptg000021l	3778710	3778733	0000000033	4692	201.404	0.0869565
chr2L	17729310	17729317	nCNV-R	ptg000021l	3743071	3743064	0000000034	7	6	2
chr2L	17727903	17729310	DEL	ptg000021l	3743064	3743064	0000000035	1407	81.1251	2
chr2L	17729805	17729816	CNV-Q	ptg000021l	3739887	3739898	0000000036	11	2	1
chr2L	17729816	17729816	INS	ptg000021l	3739898	3742565	0000000037	2667	2	25.5039
chr2L	17953410	17953417	nCNV-R	ptg000021l	3517707	3517700	0000000038	7	5	2
chr2L	17952003	17953410	DEL	ptg000021l	3517700	3517700	0000000039	1407	81.118	2
chr2L	17988361	17992012	nCNV-Q	ptg000021l	3471803	3475454	0000000040	3651	3	1
chr2L	17988361	17992012	nCNV-Q	ptg000021l	3479105	3475454	0000000041	3651	3	1
chr2L	17992012	17992012	INS	ptg000021l	3475454	3475455	0000000042	1	3	3
chr2L	18665273	18665302	CNV-Q	ptg000021l	2793761	2793790	0000000043	29	2	1
chr2L	18665302	18665302	INS	ptg000021l	2793790	2798507	0000000044	4717	2	115.017
chr2L	19250622	19250628	CNV-Q	ptg000021l	2208431	2208437	0000000045	6	2	1
chr2L	19230613	19250622	CNV-R	ptg000021l	2228446	2208437	0000000046	20009	2	2
chr2L	19422101	19422113	CNV-Q	ptg000021l	2032210	2032222	0000000047	12	2	1
chr2L	19422113	19422113	INS	ptg000021l	2032222	2036948	0000000048	4726	2	114.796
chr2L	20200672	20200679	nCNV-R	ptg000021l	1255077	1255070	0000000049	7	31	22
chr2L	20199265	20200672	DEL	ptg000021l	1255070	1255070	0000000050	1407	80.4733	22
chr2L	20402974	20422969	CNV-R	ptg000021l	1052766	1032771	0000000051	19995	2	2
chr2L	20425992	20446002	CNV-R	ptg000021l	1029741	1009731	0000000052	20010	2	2
chr2L	20748120	20748123	nCNV-R	ptg000021l	715420	715417	0000000053	3	18.6667	2.66667
chr2L	20740302	20748120	DEL	ptg000021l	715417	715417	0000000054	7818	21.2334	2
chr2L	21011703	21021741	CNV-R	ptg000021l	451831	441793	0000000055	10038	2	2
chr2L	21021965	21022294	DEL	ptg000021l	441363	441538	0000000056	154	170.888	96.96
chr2L	21022294	21022896	nCNV-R	ptg000021l	440809	440207	0000000057	602	287	153
	0	0	INV		32764	10406110	0000000058	10373346	0	0
chr2L	6882965	6882969	nCNV-R	ptg000026l	10305658	10305654	0000000059	4	3.25	2.5
chr2L	6876831	6882965	DEL	ptg000026l	10305654	10305654	0000000060	6134	32.1867	2
chr2L	7366053	7366064	CNV-Q	ptg000026l	9817823	9817834	0000000061	11	2	1
chr2L	7366064	7366064	INS	ptg000026l	9817834	9822559	0000000062	4725	2	114.858
chr2L	7766361	7766367	CNV-Q	ptg000026l	9417520	9417526	0000000063	6	2	1
chr2L	7746369	7766361	CNV-R	ptg000026l	9437518	9417526	0000000064	19992	2	2
chr2L	7984051	7984056	nCNV-R	ptg000026l	9206749	9206744	0000000065	5	103	2.4
chr2L	7977135	7984051	DEL	ptg000026l	9206744	9206744	0000000066	6916	101.972	2
chr2L	8024629	8044706	CNV-R	ptg000026l	9166171	9146094	0000000067	20077	2	2
chr2L	8088012	8118736	CNV-Q	ptg000026l	9041325	9072049	0000000068	30724	2	1
chr2L	8118736	8118736	INS	ptg000026l	9072049	9072051	0000000069	2	2	1
chr2L	8234881	8234888	CNV-Q	ptg000026l	8923757	8923764	0000000070	7	2	1
chr2L	8234888	8234888	INS	ptg000026l	8923764	8925171	0000000071	1407	2	25.3014
chr2L	8731490	8731493	nCNV-R	ptg000026l	8435462	8435459	0000000072	3	22.6667	2.66667
chr2L	8723169	8731490	DEL	ptg000026l	8435459	8435459	0000000073	8321	21.9152	2
chr2L	8741277	8741281	INS	ptg000026l	8420997	8425675	0000000074	4678	0.5	136.317
chr2L	8977238	8977277	CNV-Q	ptg000026l	8184941	8184980	0000000075	39	2	1
chr2L	8977277	8977277	INS	ptg000026l	8184980	8185001	0000000076	21	2	0.0952381
chr2L	9080346	9080355	nCNV-Q	ptg000026l	8080449	8080458	0000000077	9	2	3
chr2L	9080355	9080355	INS	ptg000026l	8080458	8081863	0000000078	1405	2	25.3117
chr2L	9129952	9129962	nCNV-Q	ptg000026l	8022533	8022543	0000000079	10	2	9
chr2L	9129962	9129962	INS	ptg000026l	8022543	8030840	0000000080	8297	2	156.82
chr2L	9254126	9254148	CNV-Q	ptg000026l	7893259	7893281	0000000081	22	2	2
chr2L	9254148	9254148	INS	ptg000026l	7893281	7898347	0000000082	5066	2	51.7165
chr2L	9312995	9312999	nCNV-Q	ptg000026l	7825417	7825421	0000000083	4	2.5	27
chr2L	9312999	9312999	INS	ptg000026l	7825421	7834408	0000000084	8987	2	156.571
chr2L	9314938	9314946	CNV-Q	ptg000026l	7822056	7822064	0000000085	8	2	1
chr2L	9314946	9314946	INS	ptg000026l	7822064	7823470	0000000086	1406	2	25.3073
chr2L	9401991	9401998	CNV-Q	ptg000026l	7733588	7733595	0000000087	7	2	2
chr2L	9401998	9401998	INS	ptg000026l	7733595	7735002	0000000088	1407	2	25.2957
chr2L	9404259	9404265	CNV-Q	ptg000026l	7726336	7726342	0000000089	6	2	1
chr2L	10035847	10039396	CNV-Q	ptg000026l	7731298	7727749	0000000090	3549	2	1
chr2L	9404265	9404265	INS	ptg000026l	7726342	7727750	0000000091	1408	2	25.2848
chr2L	9471718	9471725	nCNV-Q	ptg000026l	7657463	7657470	0000000092	7	2	4
chr2L	9471725	9471725	INS	ptg000026l	7657470	7658877	0000000093	1407	2	25.3006
chr2L	9478480	9485233	CNV-R	ptg000026l	7654083	7647330	0000000094	6753	1	2
chr2L	10617715	10617725	CNV-Q	ptg000026l	6512527	6512537	0000000095	10	2	1
chr2L	10617725	10617725	INS	ptg000026l	6512537	6514833	0000000096	2296	2	125.639
chr2L	11215127	11218748	DEL	ptg000026l	5915034	5915118	0000000097	3537	170.899	0.0238095
chr2L	11733894	11733898	nCNV-Q	ptg000026l	5394725	5394729	0000000098	4	2.5	11.75
chr2L	11733898	11733898	INS	ptg000026l	5394729	5399876	0000000099	5147	2	51.7929
chr2L	11936233	11936238	nCNV-Q	ptg000026l	5191950	5191955	0000000100	5	2.4	22.6
chr2L	11936238	11936238	INS	ptg000026l	5191955	5192383	0000000101	428	2	314.925
chr2L	12259465	12259473	CNV-Q	ptg000026l	4864390	4864398	0000000102	8	2	2
chr2L	12259473	12259473	INS	ptg000026l	4864398	4868722	0000000103	4324	2	139.804
chr2L	12863159	12863165	CNV-R	ptg000026l	4262114	4262108	0000000104	6	2	2
chr2L	12861751	12863159	DEL	ptg000026l	4262108	4262108	0000000105	1408	81.0518	2
chr2L	12895482	12895490	CNV-R	ptg000026l	4231205	4231197	0000000106	8	1	2
chr2L	12894076	12895482	DEL	ptg000026l	4231197	4231197	0000000107	1406	81.1344	2
chr2L	13693671	13693679	CNV-Q	ptg000026l	3431595	3431603	0000000108	8	2	2
chr2L	13693679	13693679	INS	ptg000026l	3431603	3433009	0000000109	1406	2	25.3101
chr2L	13731408	13731415	nCNV-Q	ptg000026l	3392445	3392452	0000000110	7	2	3
chr2L	13731415	13731415	INS	ptg000026l	3392452	3393859	0000000111	1407	2	25.2999
chr2L	14118272	14118279	nCNV-Q	ptg000026l	3004165	3004172	0000000112	7	2	3
chr2L	14118279	14118279	INS	ptg000026l	3004172	3005579	0000000113	1407	2	25.3035
chr2L	14717046	14717054	CNV-Q	ptg000026l	2404595	2404603	0000000114	8	2	2
chr2L	14717054	14717054	INS	ptg000026l	2404603	2405376	0000000115	773	2	44.63
chr2L	15013876	15013887	nCNV-Q	ptg000026l	2106341	2106352	0000000116	11	2	3
chr2L	15013887	15013887	INS	ptg000026l	2106352	2107754	0000000117	1402	2	25.316
chr2L	15654566	15654575	nCNV-R	ptg000026l	1467072	1467063	0000000118	9	5	3
chr2L	15653161	15654566	DEL	ptg000026l	1467063	1467063	0000000119	1405	81.1651	3
chr2L	15723162	15723169	nCNV-R	ptg000026l	1434887	1434880	0000000120	7	86	55
chr2L	15692270	15721755	CNV-R	ptg000026l	1464365	1434880	0000000121	29485	1	2
chr2L	15688163	15692270	CNV-R	ptg000026l	1467072	1462965	0000000122	4107	1	2
chr2L	15686758	15688163	DEL	ptg000026l	1434880	1434880	0000000123	1405	81.195	55
chr2L	15812027	15812034	nCNV-Q	ptg000026l	1344601	1344608	0000000124	7	2	4
chr2L	15812034	15812034	INS	ptg000026l	1344608	1346015	0000000125	1407	2	25.3021
chr2L	15838500	15839907	DEL	ptg000026l	1317878	1318135	0000000126	1150	81.1116	0.0077821
chr2L	15957485	15957496	CNV-R	ptg000026l	1201712	1201701	0000000127	11	2	2
chr2L	15956082	15957485	DEL	ptg000026l	1201701	1201701	0000000128	1403	81.1896	2
chr2L	15974089	15974096	nCNV-Q	ptg000026l	1183687	1183694	0000000129	7	2	4
chr2L	15974096	15974096	INS	ptg000026l	1183694	1185101	0000000130	1407	2	25.2957
chr2L	16137177	16141792	CNV-Q	ptg000026l	1011359	1015974	0000000131	4615	2	1
chr2L	16141792	16141792	INS	ptg000026l	1015974	1015989	0000000132	15	102	3.4
chr2L	16308365	16308372	CNV-Q	ptg000026l	843364	843371	0000000133	7	2	1
chr2L	16308372	16308372	INS	ptg000026l	843371	844778	0000000134	1407	2	25.2964
	32764	32764	INV		0	1701987	0000000135	1701987	0	0
chr2L	22086819	22087152	nCNV-Q	ptg000037l	1596613	1596946	0000000136	333	13	4
chr2L	22087152	22087152	INS	ptg000037l	1596946	1597375	0000000137	429	18	4.08392
chr2L	22242575	22242588	CNV-Q	ptg000037l	1436461	1436474	0000000138	13	2	1
chr2L	22242588	22242588	INS	ptg000037l	1436474	1441179	0000000139	4705	2	135.968
chr2L	22245491	22245495	nCNV-Q	ptg000037l	1428402	1428406	0000000140	4	2.5	15.5
chr2L	22245495	22245495	INS	ptg000037l	1428406	1433554	0000000141	5148	2	51.6946
chr2L	22364797	22365116	nCNV-Q	ptg000037l	1303148	1303467	0000000142	319	125	18
chr2L	22365116	22365116	INS	ptg000037l	1303467	1308781	0000000143	5314	119	12.3171
chr2L	22378961	22384125	nCNV-R	ptg000037l	1284121	1278957	0000000144	5164	33	33
chr2L	22397398	22392913	nCNV-Q	ptg000037l	1298303	1278957	0000000145	-4485	-0	30
chr2L	22392234	22397398	nCNV-R	ptg000037l	1303467	1278957	0000000146	5164	94	20
chr2L	22392234	22392913	nCNV-Q	ptg000037l	1151984	1152663	0000000147	679	116	56
chr2L	22393149	22393178	CNV-R	ptg000037l	1270930	1270959	0000000148	29	2	2
chr2L	22393179	22394818	DEL	ptg000037l	1151799	1151799	0000000149	1639	85.6339	47
chr2L	22395134	22395286	nCNV-Q	ptg000037l	1156786	1156938	0000000150	152	136	52
chr2L	22395287	22420342	DEL	ptg000037l	1156785	1156785	0000000151	25055	115.792	54
chr2R	3900477	3900483	nCNV-Q	ptg000001l	183927	183933	0000000152	6	2	7
chr2R	3900483	3900483	INS	ptg000001l	183746	183927	0000000153	181	2	5.66851
chr2R	4166066	4175614	nCNV-Q	ptg000001l	479948	489496	0000000154	9548	5	3
chr2R	4175614	4175614	INS	ptg000001l	459050	469499	0000000155	10449	133	51.3845
chr2R	4193698	4190414	CNV-Q	ptg000001l	568038	720901	0000000156	-3284	-0	2
chr2R	4190242	4193698	nCNV-R	ptg000001l	564582	568038	0000000157	3456	1	16
chr2R	4284616	4284616	INV	ptg000001l	568038	469673	0000000158	-98365	1	16
chr2R	4190414	4193459	DEL	ptg000001l	469499	469499	0000000159	3045	49.3852	396
chr2R	4193583	4213794	DEL	ptg000001l	469709	469709	0000000160	20211	51.2811	611
chr2R	4272799	4307601	nCNV-R	ptg000001l	439068	473870	0000000161	34802	20	5
chr2R	4214242	4272799	DEL	ptg000001l	473870	473870	0000000162	58557	59.2898	384
chr2R	4214242	4214242	INV	ptg000001l	473415	564582	0000000163	91167	20	5
chr2R	4429102	4429113	CNV-Q	ptg000001l	724851	724862	0000000164	11	2	1
chr2R	4429113	4429113	INS	ptg000001l	720901	724851	0000000165	3950	2	141.006
chr2R	4488017	4496484	nCNV-R	ptg000001l	788457	796924	0000000166	8467	3	2
chr2R	5199858	5219848	CNV-R	ptg000001l	1500294	1520284	0000000167	19990	2	2
chr2R	5394675	5401717	CNV-Q	ptg000001l	1702184	1709226	0000000168	7042	2	1
chr2R	5401717	5401717	INS	ptg000001l	1702170	1702184	0000000169	14	73	0.285714
chr2R	5409508	5410132	CNV-Q	ptg000001l	1718577	1719201	0000000170	624	2	1
chr2R	5410132	5410132	INS	ptg000001l	1717676	1718577	0000000171	901	2	0.00221976
chr2R	5941901	5941913	CNV-Q	ptg000001l	2255735	2255747	0000000172	12	2	2
chr2R	5941913	5941913	INS	ptg000001l	2250988	2255735	0000000173	4747	2	114.506
chr2R	6187912	6187915	nCNV-Q	ptg000001l	2509127	2509130	0000000174	3	2.66667	15.6667
chr2R	6187915	6187915	INS	ptg000001l	2501750	2509127	0000000175	7377	2	23.8922
	32764	32764	INV		0	6538	0000000176	6538	0	0
chr2R	17302974	17322984	CNV-R	ptg000009l	329789	349799	0000000177	20010	2	2
chr2R	17459828	17459837	nCNV-Q	ptg000009l	490979	490988	0000000178	9	3	2
chr2R	17459837	17459837	INS	ptg000009l	486656	490979	0000000179	4323	3	139.262
chr2R	17798874	17798879	nCNV-R	ptg000009l	829609	829614	0000000180	5	105.2	3.6
chr2R	17798461	17798874	DEL	ptg000009l	829614	829614	0000000181	413	154.799	3
chr2R	18196760	18196763	nCNV-Q	ptg000009l	1232596	1232599	0000000182	3	2.66667	37.6667
chr2R	18196763	18196763	INS	ptg000009l	1227502	1232596	0000000183	5094	2	25.1671
chr2R	19729475	19732134	nCNV-Q	ptg000009l	2768223	2770882	0000000184	2659	7	7
chr2R	19729569	19729827	nCNV-Q	ptg000009l	2767958	2768223	0000000185	258	9	6
chr2R	19755096	19766399	nCNV-Q	ptg000009l	2816239	2827542	0000000186	11303	11	12
chr2R	19751227	19762544	nCNV-Q	ptg000009l	2805052	2816239	0000000187	11317	16	2
chr2R	19973558	19973568	CNV-Q	ptg000009l	3036026	3036036	0000000188	10	2	1
chr2R	19973568	19973568	INS	ptg000009l	3034622	3036026	0000000189	1404	2	25.3134
chr2R	20780349	20780707	nCNV-Q	ptg000009l	3843197	3843555	0000000190	358	32	2
chr2R	20780707	20780806	DEL	ptg000009l	3843186	3843197	0000000191	88	0.333333	1.27273
chr2R	20780349	20780707	nCNV-Q	ptg000009l	3843689	3844047	0000000192	358	32	2
chr2R	20780585	20780707	nCNV-Q	ptg000009l	3843556	3843678	0000000193	122	33	2
chr2R	20780349	20780707	nCNV-Q	ptg000009l	3844409	3844767	0000000194	358	32	3
chr2R	20780462	20780707	nCNV-Q	ptg000009l	3844048	3844293	0000000195	245	33	1
chr2R	20780484	20780595	nCNV-Q	ptg000009l	3844298	3844409	0000000196	111	33	2
chr2R	20780349	20780707	nCNV-Q	ptg000009l	3845024	3845382	0000000197	358	32	3
chr2R	20780462	20780707	nCNV-Q	ptg000009l	3844768	3845013	0000000198	245	33	3
chr2R	20780349	20780707	nCNV-Q	ptg000009l	3845516	3845874	0000000199	358	32	2
chr2R	20780585	20780707	nCNV-Q	ptg000009l	3845383	3845505	0000000200	122	33	2
chr2R	20780349	20780707	nCNV-Q	ptg000009l	3846008	3846366	0000000201	358	32	3
chr2R	20780585	20780707	nCNV-Q	ptg000009l	3845875	3845997	0000000202	122	33	3
chr2R	20780349	20780707	nCNV-Q	ptg000009l	3846500	3846858	0000000203	358	32	2
chr2R	20780585	20780707	nCNV-Q	ptg000009l	3846367	3846489	0000000204	122	33	2
chr2R	20780349	20780707	nCNV-Q	ptg000009l	3846869	3847227	0000000205	358	32	3
chr2R	20780349	20780707	nCNV-Q	ptg000009l	3847238	3847596	0000000206	358	32	2
chr2R	20780585	20780691	nCNV-Q	ptg000009l	3847597	3847703	0000000207	106	33	1
chr2R	20782565	20782685	CNV-Q	ptg000009l	3849586	3849706	0000000208	120	2	2
chr2R	20780830	20782565	CNV-R	ptg000009l	3847851	3849586	0000000209	1735	2	2
chr2R	21077965	21077972	CNV-Q	ptg000009l	4146406	4146413	0000000210	7	2	1
chr2R	21077972	21077972	INS	ptg000009l	4144999	4146406	0000000211	1407	2	25.2992
chr2R	21112057	21112067	CNV-Q	ptg000009l	4185240	4185250	0000000212	10	2	1
chr2R	21112067	21112067	INS	ptg000009l	4180508	4185240	0000000213	4732	2	114.947
chr2R	21602904	21602914	CNV-Q	ptg000009l	4676090	4676100	0000000214	10	2	1
chr2R	21582891	21602904	CNV-R	ptg000009l	4656077	4676090	0000000215	20013	2	2
chr2R	22786318	22786327	CNV-Q	ptg000009l	5860925	5860934	0000000216	9	2	1
chr2R	22786327	22786327	INS	ptg000009l	5859520	5860925	0000000217	1405	2	25.321
chr2R	22797654	22797661	CNV-Q	ptg000009l	5873675	5873682	0000000218	7	2	1
chr2R	22797661	22797661	INS	ptg000009l	5872268	5873675	0000000219	1407	2	25.3028
	32764	32764	INV		0	2018553	0000000220	2018553	0	0
chr2R	2067738	2067742	nCNV-Q	ptg000013l	1772093	1772097	0000000221	4	35	35.25
chr2R	2067742	2067742	INS	ptg000013l	1772097	1777350	0000000222	5253	28	55.2362
chr2R	2087309	2087533	nCNV-R	ptg000013l	1752334	1752110	0000000223	224	60	40
chr2R	2169754	2169756	nCNV-R	ptg000013l	1670165	1670163	0000000224	2	46.5	36
chr2R	2169478	2169754	DEL	ptg000013l	1670163	1670163	0000000225	276	30.087	24
chr2R	2217177	2233264	nCNV-R	ptg000013l	1616983	1600896	0000000226	16087	26	22
chr2R	2263653	2247790	nCNV-Q	ptg000013l	1654078	1600896	0000000227	-15863	-0	11
chr2R	2247566	2263653	nCNV-R	ptg000013l	1670165	1600896	0000000228	16087	10	12
chr2R	2331133	2331133	INV	ptg000013l	1503051	1587397	0000000229	84346	10	12
chr2R	2247790	2248572	nCNV-R	ptg000013l	1394847	1394134	0000000230	782	7	5
chr2R	2247790	2247790	INS	ptg000013l	1587621	1592261	0000000231	4640	8	10.8235
chr2R	2257147	2306545	nCNV-R	ptg000013l	1543021	1592419	0000000232	49398	26	13
chr2R	2264208	2265925	CNV-R	ptg000013l	1623860	1625571	0000000233	1717	2	2
chr2R	2260658	2261492	nCNV-R	ptg000013l	1396515	1395683	0000000234	834	5	2
chr2R	2257147	2260658	DEL	ptg000013l	1592419	1592419	0000000235	3511	321.365	430
chr2R	2305082	2306053	CNV-R	ptg000013l	1625568	1626551	0000000236	971	2	2
chr2R	2257147	2257147	INV	ptg000013l	1592419	1429732	0000000237	-162687	26	13
chr2R	2462428	2470005	nCNV-R	ptg000013l	1368192	1360615	0000000238	7577	2	4
chr2R	2473933	2492769	nCNV-R	ptg000013l	1364402	1345566	0000000239	18836	3	3
chr2R	2545781	2548836	nCNV-R	ptg000013l	1289732	1286677	0000000240	3055	10	9
chr2R	2548187	2568419	CNV-R	ptg000013l	1287326	1267094	0000000241	20232	2	2
chr2R	2595001	2601458	nCNV-R	ptg000013l	1234125	1227668	0000000242	6457	3	2
chr2R	2623856	2623864	INS	ptg000013l	1205070	1205360	0000000243	290	1.5	2.56552
chr2R	2649912	2650133	DEL	ptg000013l	1178891	1178940	0000000244	172	2.47964	22.2041
chr2R	3236234	3240019	nCNV-Q	ptg000013l	585230	589015	0000000245	3785	8	13
chr2R	3236190	3236234	nCNV-R	ptg000013l	589059	589015	0000000246	44	7	18
chr2R	3243784	3246366	nCNV-R	ptg000013l	585250	582668	0000000247	2582	14	10
chr2R	3242599	3243784	DEL	ptg000013l	582668	582668	0000000248	1185	9.89958	28
chr2R	3382540	3384017	nCNV-Q	ptg000013l	410924	412401	0000000249	1477	4	2
chr2R	3383203	3385521	nCNV-Q	ptg000013l	419538	417220	0000000250	2318	3	2
chr2R	3393136	3393363	CNV-Q	ptg000013l	417221	416994	0000000251	227	2	1
chr2R	3384017	3384017	INS	ptg000013l	412401	416995	0000000252	4594	4	6.37875
chr2R	3382242	3382828	nCNV-Q	ptg000013l	420071	419547	0000000253	586	3	2
chr2R	3556126	3556490	nCNV-Q	ptg000013l	421780	422154	0000000254	364	2	3
chr2R	3413867	3420939	nCNV-R	ptg000013l	394239	387167	0000000255	7072	6	9
chr2R	3407789	3411119	nCNV-R	ptg000013l	390496	387167	0000000256	3330	7	8
chr2R	3411120	3413867	nCNV-R	ptg000013l	371255	368562	0000000257	2747	5	7
chr2R	3431675	3431841	DEL	ptg000013l	376404	376408	0000000258	162	4.39759	3.25
chr2R	9483163	9483171	nCNV-R	ptg000016l	7523310	7523302	0000000259	8	127	117
chr2R	9481757	9483163	DEL	ptg000016l	7523302	7523302	0000000260	1406	81.3321	117
chr2R	10594139	10594142	nCNV-R	ptg000016l	6420869	6420866	0000000261	3	19.6667	2.66667
chr2R	10585612	10594139	DEL	ptg000016l	6420866	6420866	0000000262	8527	21.0246	2
chr2R	10680741	10700754	CNV-R	ptg000016l	6334260	6314247	0000000263	20013	2	2
chr2R	11348591	11348688	nCNV-Q	ptg000016l	5666184	5666281	0000000264	97	4	2
chr2R	11347951	11348591	nCNV-R	ptg000016l	5666921	5666281	0000000265	640	4	3
chr2R	11363419	11363420	nCNV-Q	ptg000016l	5651444	5651445	0000000266	1	4	3
chr2R	11348688	11363419	CNV-R	ptg000016l	5666176	5651445	0000000267	14731	2	2
chr2R	11376049	11376056	CNV-Q	ptg000016l	5637395	5637402	0000000268	7	2	1
chr2R	11376056	11376056	INS	ptg000016l	5637402	5638809	0000000269	1407	2	25.2985
chr2R	11523698	11523710	CNV-Q	ptg000016l	5485028	5485040	0000000270	12	2	1
chr2R	11523710	11523710	INS	ptg000016l	5485040	5489742	0000000271	4702	2	136.02
chr2R	12546474	12546478	nCNV-Q	ptg000016l	4456971	4456975	0000000272	4	2.5	90.75
chr2R	12546478	12546478	INS	ptg000016l	4456975	4462303	0000000273	5328	2	74.2917
chr2R	12702946	12702952	INS	ptg000016l	4299899	4300503	0000000274	604	0.333333	0.00331126
chr2R	12777956	12777963	nCNV-Q	ptg000016l	4224451	4224458	0000000275	7	2	149
chr2R	12777963	12777963	INS	ptg000016l	4224458	4224885	0000000276	427	2	315.194
chr2R	13141631	13141640	CNV-R	ptg000016l	3865528	3865519	0000000277	9	1	2
chr2R	13136895	13141631	DEL	ptg000016l	3865519	3865519	0000000278	4736	172.038	2
chr2R	13347646	13347653	CNV-Q	ptg000016l	3658092	3658099	0000000279	7	2	1
chr2R	13347653	13347653	INS	ptg000016l	3658099	3659506	0000000280	1407	2	25.3006
chr2R	13586682	13586863	INS	ptg000016l	3414355	3419061	0000000281	4706	0.0110497	136.018
chr2R	14013858	14013864	nCNV-Q	ptg000016l	2982628	2982634	0000000282	6	2	7
chr2R	14013864	14013864	INS	ptg000016l	2982634	2987349	0000000283	4715	2	115.025
chr2R	14399014	14399026	CNV-R	ptg000016l	2602224	2602212	0000000284	12	1	2
chr2R	14394290	14399014	DEL	ptg000016l	2602212	2602212	0000000285	4724	172.192	2
chr2R	14529023	14549032	CNV-R	ptg000016l	2472211	2452202	0000000286	20009	2	2
chr2R	14996242	14996252	CNV-Q	ptg000016l	1999935	1999945	0000000287	10	2	1
chr2R	14996252	14996252	INS	ptg000016l	1999945	2004961	0000000288	5016	2	25.4976
chr2R	15046009	15046014	nCNV-Q	ptg000016l	1945021	1945026	0000000289	5	2.4	35.8
chr2R	15046014	15046014	INS	ptg000016l	1945026	1950171	0000000290	5145	2	52.337
chr2R	15112660	15112665	nCNV-Q	ptg000016l	1871369	1871374	0000000291	5	2.4	81.4
chr2R	15112665	15112665	INS	ptg000016l	1871374	1878368	0000000292	6994	2	73.3727
chr2R	15127797	15127800	nCNV-R	ptg000016l	1864665	1864662	0000000293	3	17	2.66667
chr2R	15119372	15127797	DEL	ptg000016l	1864662	1864662	0000000294	8425	21.1002	2
chr2R	15349273	15349276	nCNV-R	ptg000016l	1651719	1651716	0000000295	3	39.6667	2.66667
chr2R	15340746	15349273	DEL	ptg000016l	1651716	1651716	0000000296	8527	21.2308	2
chr2R	15832686	15832696	CNV-Q	ptg000016l	1166880	1166890	0000000297	10	2	1
chr2R	15832696	15832696	INS	ptg000016l	1166890	1168294	0000000298	1404	2	25.3226
chr2R	15917915	15917927	CNV-Q	ptg000016l	1074908	1074920	0000000299	12	2	1
chr2R	15917927	15917927	INS	ptg000016l	1074920	1081649	0000000300	6729	2	68.7827
chr2R	16081776	16084912	CNV-Q	ptg000016l	904784	907920	0000000301	3136	2	1
chr2R	16084912	16084912	INS	ptg000016l	907920	907922	0000000302	2	2	1
chr2R	16127267	16127283	nCNV-Q	ptg000016l	860383	860399	0000000303	16	2	3
chr2R	16127283	16127283	INS	ptg000016l	860399	862413	0000000304	2014	2	106.312
chr2R	16248057	16248069	CNV-Q	ptg000016l	738182	738194	0000000305	12	2	1
chr2R	16248069	16248069	INS	ptg000016l	738194	739596	0000000306	1402	2	25.3281
	32764	32764	INV		0	2855930	0000000307	2855930	0	0
chr2R	6352104	6355252	nCNV-Q	ptg000038l	2685564	2688712	0000000308	3148	43	47
chr2R	6355252	6355252	INS	ptg000038l	2688712	2688713	0000000309	1	50	91
chr2R	6355072	6356666	nCNV-Q	ptg000038l	2679725	2681319	0000000310	1594	43	42
chr2R	6356666	6356666	INS	ptg000038l	2681319	2684105	0000000311	2786	50	12.3001
chr2R	6356159	6358109	nCNV-Q	ptg000038l	2686762	2688712	0000000312	1950	47	55
chr2R	6357536	6359340	nCNV-Q	ptg000038l	2676143	2674301	0000000313	1804	48	46
chr2R	6357532	6357536	nCNV-R	ptg000038l	2676147	2674301	0000000314	4	63.75	45
chr2R	6358449	6359161	nCNV-Q	ptg000038l	2678392	2677681	0000000315	712	48	55
chr2R	6362156	6362289	nCNV-R	ptg000038l	2681319	2678259	0000000316	133	45	43
chr2R	6359161	6362156	DEL	ptg000038l	2677681	2677681	0000000317	2995	14.8935	54
chr2R	6364409	6364711	INS	ptg000038l	2669129	2670409	0000000318	1280	42.3907	36.8047
chr2R	6370365	6370369	nCNV-Q	ptg000038l	2663282	2663286	0000000319	4	96.5	53.75
chr2R	6370369	6370369	INS	ptg000038l	2663286	2663472	0000000320	186	81	40.7366
chr2R	6370443	6370609	nCNV-Q	ptg000038l	2662539	2662705	0000000321	166	59	49
chr2R	6370609	6370609	INS	ptg000038l	2662705	2663042	0000000322	337	59	34.3798
chr2R	6372648	6373223	nCNV-Q	ptg000038l	2659375	2659950	0000000323	575	37	51
chr2R	6372492	6372648	nCNV-R	ptg000038l	2660106	2659950	0000000324	156	33	65
chr2R	6372846	6373516	nCNV-R	ptg000038l	2659170	2658500	0000000325	670	44	70
chr2R	6374110	6374780	nCNV-R	ptg000038l	2660106	2658500	0000000326	670	49	54
chr2R	6375541	6375692	nCNV-R	ptg000038l	2657972	2657206	0000000327	151	44	44
chr2R	6374261	6375541	DEL	ptg000038l	2657206	2657206	0000000328	1280	47.2172	45
chr2R	6376345	6377817	nCNV-Q	ptg000038l	2657625	2659097	0000000329	1472	42	59
chr2R	6376272	6376345	nCNV-R	ptg000038l	2659170	2657899	0000000330	73	39	64
chr2R	6379648	6380653	nCNV-R	ptg000038l	2654366	2653361	0000000331	1005	54	46
chr2R	6378978	6379648	DEL	ptg000038l	2653361	2653361	0000000332	670	34.7104	72
chr2R	6380396	6382309	nCNV-R	ptg000038l	2654186	2652273	0000000333	1913	44	47
chr2R	6476479	6476484	nCNV-Q	ptg000038l	2557808	2557813	0000000334	5	46.8	28.2
chr2R	6476484	6476484	INS	ptg000038l	2557813	2558071	0000000335	258	39	6.59302
chr2R	7131350	7131360	nCNV-Q	ptg000038l	1893739	1893749	0000000336	10	2	15
chr2R	7131360	7131360	INS	ptg000038l	1893749	1902872	0000000337	9123	2	150.25
chr2R	7207177	7207183	nCNV-Q	ptg000038l	1808795	1808801	0000000338	6	2	4
chr2R	7207183	7207183	INS	ptg000038l	1808801	1817916	0000000339	9115	2	148.867
chr2R	7217586	7217590	nCNV-R	ptg000038l	1806087	1806083	0000000340	4	31.5	2.5
chr2R	7209895	7217586	DEL	ptg000038l	1806083	1806083	0000000341	7691	194.233	2
chr2R	7420600	7420616	CNV-Q	ptg000038l	1603055	1603071	0000000342	16	2	1
chr2R	7400615	7420600	CNV-R	ptg000038l	1623056	1603071	0000000343	19985	2	2
chr2R	7613601	7613615	CNV-R	ptg000038l	1415232	1415218	0000000344	14	1	2
chr2R	7608465	7613601	DEL	ptg000038l	1415218	1415218	0000000345	5136	49.9815	2
chr2R	7873967	7873978	CNV-R	ptg000038l	1159598	1159587	0000000346	11	1	2
chr2R	7869245	7873967	DEL	ptg000038l	1159587	1159587	0000000347	4722	172.255	2
chr2R	7954444	7954452	nCNV-Q	ptg000038l	1070004	1070012	0000000348	8	2	4
chr2R	7954452	7954452	INS	ptg000038l	1070012	1079111	0000000349	9099	2	149.791
chr2R	8016982	8017168	nCNV-R	ptg000038l	1007628	1007442	0000000350	186	285	189
chr2R	8166612	8166622	CNV-Q	ptg000038l	857985	857995	0000000351	10	2	1
chr2R	8146618	8166612	CNV-R	ptg000038l	877989	857995	0000000352	19994	2	2
chr2R	8402985	8402995	CNV-R	ptg000038l	626359	626349	0000000353	10	1	2
chr2R	8398267	8402985	DEL	ptg000038l	626349	626349	0000000354	4718	172.4	2
chr2R	8528923	8528934	CNV-Q	ptg000038l	495226	495237	0000000355	11	2	1
chr2R	8528934	8528934	INS	ptg000038l	495237	500410	0000000356	5173	2	39.0539
chr2R	8973249	8993255	CNV-R	ptg000038l	50904	30898	0000000357	20006	2	2
	32764	32764	INV		0	597626	0000000358	597626	0	0
chr2R	1121544	1128202	nCNV-R	ptg000044l	342151	335493	0000000359	6658	6	7
chr2R	1132253	1138911	nCNV-R	ptg000044l	597626	335493	0000000360	6658	5	4
chr2R	1132253	1137552	nCNV-R	ptg000044l	335587	317624	0000000361	5299	6	5
chr2R	1167507	1176134	nCNV-R	ptg000044l	342151	326960	0000000362	8627	15	5
chr2R	347468	354491	nCNV-R	ptg000063l	324602	309559	0000000363	7023	2	3
chr2R	416889	422884	INS	ptg000063l	329381	339525	0000000364	10144	0.00834028	14.629
chr2R	426194	426420	nCNV-Q	ptg000063l	324376	324602	0000000365	226	486	16
chr2R	426420	426420	INS	ptg000063l	324602	325847	0000000366	1245	409	3.31486
	0	0	INV		0	37642	0000000367	37642	0	0
chr2R	1521333	1525417	nCNV-Q	ptg000072l	86827	90911	0000000368	4084	10	7
chr2R	1511741	1516662	nCNV-Q	ptg000072l	73917	78828	0000000369	4921	4	1
chr2R	1514820	1516662	nCNV-Q	ptg000072l	69075	70917	0000000370	1842	4	1
chr2R	1512830	1514600	nCNV-Q	ptg000072l	67299	69059	0000000371	1770	4	1
chr2R	1525417	1525417	INS	ptg000072l	69060	69075	0000000372	15	365	0.8
chr2R	1511741	1516658	nCNV-Q	ptg000072l	81920	86827	0000000373	4917	4	1
	32764	32764	INV		32764	6820424	0000000374	6787660	0	0
chr3L	2717644	2717650	nCNV-Q	ptg000003l	6541205	6541211	0000000375	6	2	4
chr3L	2717650	2717650	INS	ptg000003l	6541211	6550329	0000000376	9118	2	150.042
chr3L	2936114	2936117	nCNV-R	ptg000003l	6330964	6330961	0000000377	3	19	2.66667
chr3L	2927893	2936114	DEL	ptg000003l	6330961	6330961	0000000378	8221	21.8291	2
chr3L	3281930	3281941	CNV-R	ptg000003l	5985585	5985574	0000000379	11	1	2
chr3L	3281498	3281930	DEL	ptg000003l	5985574	5985574	0000000380	432	189.979	2
chr3L	3343362	3343373	CNV-Q	ptg000003l	5923531	5923542	0000000381	11	2	1
chr3L	3343373	3343373	INS	ptg000003l	5923542	5924142	0000000382	600	2	55.9733
chr3L	3432568	3452569	CNV-R	ptg000003l	5834336	5814335	0000000383	20001	2	2
chr3L	3628659	3628668	CNV-Q	ptg000003l	5632082	5632091	0000000384	9	2	1
chr3L	3628668	3628668	INS	ptg000003l	5632091	5638220	0000000385	6129	2	22.2464
chr3L	4335075	4335082	nCNV-Q	ptg000003l	4924255	4924262	0000000386	7	56	41
chr3L	4335082	4335082	INS	ptg000003l	4924262	4925669	0000000387	1407	56	25.3511
chr3L	4390410	4390415	nCNV-Q	ptg000003l	4859930	4859935	0000000388	5	2.4	81.8
chr3L	4390415	4390415	INS	ptg000003l	4859935	4868918	0000000389	8983	2	154.875
chr3L	5124608	5124612	nCNV-R	ptg000003l	4145808	4145804	0000000390	4	35.75	2.5
chr3L	5104532	5124608	DEL	ptg000003l	4145804	4145804	0000000391	20076	14.3657	2
chr3L	6593548	6593552	nCNV-Q	ptg000003l	2667751	2667755	0000000392	4	2.5	42.75
chr3L	6593552	6593552	INS	ptg000003l	2667755	2676856	0000000393	9101	2	149.451
chr3L	6839927	6839936	CNV-Q	ptg000003l	2421363	2421372	0000000394	9	2	1
chr3L	6819933	6839927	CNV-R	ptg000003l	2441366	2421372	0000000395	19994	2	2
chr3L	6860702	6860708	nCNV-R	ptg000003l	2405336	2405330	0000000396	6	10	2
chr3L	6855978	6860702	DEL	ptg000003l	2405330	2405330	0000000397	4724	172.398	2
chr3L	7680447	7681131	nCNV-Q	ptg000003l	1584205	1584889	0000000398	684	2	5
chr3L	7669609	7680447	nCNV-R	ptg000003l	1595727	1584889	0000000399	10838	2	3
chr3L	7696895	7716895	CNV-R	ptg000003l	1568441	1548441	0000000400	20000	2	2
chr3L	7829490	7829495	nCNV-Q	ptg000003l	1427508	1427513	0000000401	5	2.4	18.4
chr3L	7829495	7829495	INS	ptg000003l	1427513	1435836	0000000402	8323	2	156.638
chr3L	8020380	8020553	nCNV-R	ptg000003l	1236740	1236567	0000000403	173	145	167
chr3L	8020580	8020753	nCNV-R	ptg000003l	1427513	1236567	0000000404	173	154	1
chr3L	8020552	8020580	DEL	ptg000003l	1236567	1236567	0000000405	28	161.393	150
chr3L	8020552	8020552	INV	ptg000003l	1236567	1230470	0000000406	-6097	154	1
chr3L	8023106	8023455	nCNV-R	ptg000003l	1232151	1232500	0000000407	349	298	95
chr3L	8022579	8023106	DEL	ptg000003l	1232500	1232500	0000000408	527	7.71727	90
chr3L	8022579	8022579	INV	ptg000003l	1232500	1232654	0000000409	154	298	95
chr3L	8023106	8023609	nCNV-Q	ptg000003l	1236237	1236740	0000000410	503	256	10
chr3L	8490929	8490933	nCNV-R	ptg000003l	771523	771519	0000000411	4	40.75	2.5
chr3L	8481827	8490929	DEL	ptg000003l	771519	771519	0000000412	9102	182.225	2
chr3L	8796683	8796697	CNV-R	ptg000003l	471136	471122	0000000413	14	2	2
chr3L	8791330	8796683	DEL	ptg000003l	471122	471122	0000000414	5353	50.0428	2
chr3L	9166160	9166167	CNV-R	ptg000003l	102995	102988	0000000415	7	1	2
chr3L	9164753	9166160	DEL	ptg000003l	102988	102988	0000000416	1407	81.1073	2
chr3L	9236060	9236181	DEL	ptg000003l	33095	33095	0000000417	121	0.0165289	2
chr3L	969713	969719	nCNV-Q	ptg000004l	6949874	6949880	0000000418	6	2	4
chr3L	969719	969719	INS	ptg000004l	6949880	6951290	0000000419	1410	2	25.2475
chr3L	1163277	1163281	nCNV-R	ptg000004l	6765410	6765406	0000000420	4	109.25	2.5
chr3L	1154184	1163277	DEL	ptg000004l	6765406	6765406	0000000421	9093	183.812	2
chr3L	2063491	2069771	nCNV-Q	ptg000004l	5849314	5855594	0000000422	6280	13	10
chr3L	2067002	2069771	nCNV-Q	ptg000004l	5858899	5856130	0000000423	2769	13	4
chr3L	2068492	2069029	nCNV-Q	ptg000004l	5856131	5855594	0000000424	537	13	8
chr3L	2069771	2069771	INS	ptg000004l	5855594	5855595	0000000425	1	12	19
chr3L	2162765	2162776	CNV-Q	ptg000004l	5750924	5750935	0000000426	11	2	1
chr3L	2162776	2162776	INS	ptg000004l	5750935	5756309	0000000427	5374	2	39.0819
	32764	32764	INV		32764	6032224	0000000428	5999460	0	0
chr3L	14597669	14597676	nCNV-Q	ptg000011l	5244163	5244170	0000000429	7	2	3
chr3L	14597676	14597676	INS	ptg000011l	5244170	5247152	0000000430	2982	2	13.9601
chr3L	15296253	15298609	nCNV-Q	ptg000011l	4540899	4543255	0000000431	2356	5	3
chr3L	15295817	15296253	nCNV-R	ptg000011l	4543691	4543255	0000000432	436	10	8
chr3L	15851049	15851056	CNV-Q	ptg000011l	3987038	3987045	0000000433	7	2	1
chr3L	15851056	15851056	INS	ptg000011l	3987045	3988452	0000000434	1407	2	25.2985
chr3L	15909761	15909772	CNV-Q	ptg000011l	3928322	3928333	0000000435	11	2	1
chr3L	15889757	15909761	CNV-R	ptg000011l	3948337	3928333	0000000436	20004	2	2
chr3L	16002294	16002302	CNV-Q	ptg000011l	3827507	3827515	0000000437	8	2	2
chr3L	16002302	16002302	INS	ptg000011l	3827515	3835803	0000000438	8288	2	94.9089
chr3L	16393902	16393910	CNV-Q	ptg000011l	3434477	3434485	0000000439	8	2	2
chr3L	16393910	16393910	INS	ptg000011l	3434485	3435891	0000000440	1406	2	25.3087
chr3L	16573420	16573780	CNV-R	ptg000011l	3254606	3254246	0000000441	360	2	2
chr3L	16700240	16700246	CNV-Q	ptg000011l	3127780	3127786	0000000442	6	2	1
chr3L	16680209	16700240	CNV-R	ptg000011l	3147817	3127786	0000000443	20031	2	2
chr3L	16830020	16830029	CNV-Q	ptg000011l	2996589	2996598	0000000444	9	2	1
chr3L	16830029	16830029	INS	ptg000011l	2996598	2998003	0000000445	1405	2	25.3117
chr3L	17150220	17150227	CNV-Q	ptg000011l	2674976	2674983	0000000446	7	2	2
chr3L	17150227	17150227	INS	ptg000011l	2674983	2676390	0000000447	1407	2	25.3014
chr3L	17527462	17547464	CNV-R	ptg000011l	2297738	2277736	0000000448	20002	2	2
chr3L	17868557	17868566	nCNV-R	ptg000011l	1961394	1961385	0000000449	9	5	4
chr3L	17863812	17868557	DEL	ptg000011l	1961385	1961385	0000000450	4745	171.47	4
chr3L	18031164	18031177	CNV-Q	ptg000011l	1798774	1798787	0000000451	13	2	1
chr3L	18011191	18031164	CNV-R	ptg000011l	1818760	1798787	0000000452	19973	2	2
chr3L	18645633	18645636	nCNV-Q	ptg000011l	1179600	1179603	0000000453	3	2.66667	17.6667
chr3L	18645636	18645636	INS	ptg000011l	1179603	1184324	0000000454	4721	2	115.086
chr3L	19471598	20302442	CNV-R	ptg000011l	348759	1179603	0000000455	830844	1	1
chr3L	19472905	19472905	INV	ptg000011l	352325	348759	0000000456	-3566	1	1
chr3L	19476469	19476471	nCNV-Q	ptg000011l	353632	353634	0000000457	2	3	2
chr3L	19476471	19476471	INV	ptg000011l	353632	350068	0000000458	-3564	3	2
chr3L	19739927	19776066	nCNV-R	ptg000011l	116711	80572	0000000459	36139	3	4
chr3L	27465523	27465536	nCNV-Q	ptg000014l	715932	715945	0000000460	13	8	5
chr3L	27465536	27465536	INS	ptg000014l	711213	715932	0000000461	4719	8	115.098
chr3L	27514215	27551341	nCNV-R	ptg000014l	727498	764624	0000000462	37126	2	13
chr3L	27549261	27601488	nCNV-R	ptg000014l	985820	1038047	0000000463	52227	9	11
chr3L	27549160	27549261	DEL	ptg000014l	1038047	1038047	0000000464	101	0.029703	2
chr3L	27716629	27716641	CNV-Q	ptg000014l	899631	899643	0000000465	12	2	1
chr3L	27716641	27716641	INS	ptg000014l	894904	899631	0000000466	4727	2	114.835
chr3L	27806024	27809982	nCNV-Q	ptg000014l	1003102	1007060	0000000467	3958	35	22
chr3L	27809982	27809982	INS	ptg000014l	992983	1003102	0000000468	10119	37	120.824
chr3L	27947602	27951652	nCNV-Q	ptg000014l	1147800	1151850	0000000469	4050	22	13
chr3L	27951652	27951652	INS	ptg000014l	1131451	1147800	0000000470	16349	257	124.361
	32764	32764	INV		0	1	0000000471	1	0	0
chr3L	20821998	20823018	nCNV-Q	ptg000019l	973327	974347	0000000472	1020	227	106
chr3L	20821830	20821998	nCNV-R	ptg000019l	973159	973327	0000000473	168	217	109
chr3L	20824013	20824139	nCNV-R	ptg000019l	974250	974376	0000000474	126	448	99
chr3L	20823020	20824013	DEL	ptg000019l	974376	974376	0000000475	993	4.44713	87
chr3L	20823020	20823020	INV	ptg000019l	974376	974465	0000000476	89	448	99
chr3L	20824013	20824228	nCNV-Q	ptg000019l	978578	978793	0000000477	215	441	91
chr3L	20824228	20824228	INS	ptg000019l	974465	978578	0000000478	4113	441	98.4012
chr3L	20824228	20824228	INV	ptg000019l	974250	978578	0000000479	4328	441	91
chr3L	20912022	20912039	CNV-Q	ptg000019l	1066587	1066604	0000000480	17	2	1
chr3L	20892042	20912022	CNV-R	ptg000019l	1046607	1066587	0000000481	19980	2	2
chr3L	21023394	21023397	nCNV-R	ptg000019l	1169514	1169517	0000000482	3	36	2.66667
chr3L	21014969	21023394	DEL	ptg000019l	1169517	1169517	0000000483	8425	21.1841	2
chr3L	21116049	21116063	CNV-Q	ptg000019l	1267562	1267576	0000000484	14	2	1
chr3L	21116063	21116063	INS	ptg000019l	1262187	1267562	0000000485	5375	2	39.072
chr3L	21315304	21315308	nCNV-R	ptg000019l	1457709	1457713	0000000486	4	43	2.5
chr3L	21306202	21315304	DEL	ptg000019l	1457713	1457713	0000000487	9102	182.549	2
chr3L	21371269	21371281	CNV-R	ptg000019l	1508280	1508292	0000000488	12	1	2
chr3L	21365887	21371269	DEL	ptg000019l	1508292	1508292	0000000489	5382	50.0279	2
chr3L	21651169	21651178	CNV-Q	ptg000019l	1788180	1788189	0000000490	9	2	1
chr3L	21631178	21651169	CNV-R	ptg000019l	1768189	1788180	0000000491	19991	2	2
chr3L	21754164	21754174	nCNV-R	ptg000019l	1886438	1886448	0000000492	10	77	74
chr3L	21749443	21754164	DEL	ptg000019l	1886448	1886448	0000000493	4721	172.396	74
chr3L	22359720	22359731	CNV-Q	ptg000019l	2496758	2496769	0000000494	11	2	1
chr3L	22359731	22359731	INS	ptg000019l	2492012	2496758	0000000495	4746	2	114.534
chr3L	22509051	22509057	CNV-Q	ptg000019l	2652230	2652236	0000000496	6	2	1
chr3L	22509057	22509057	INS	ptg000019l	2646098	2652230	0000000497	6132	2	22.3028
chr3L	22568351	22568377	nCNV-Q	ptg000019l	2711532	2711558	0000000498	26	2	3
chr3L	22552121	22568351	CNV-R	ptg000019l	2695302	2711532	0000000499	16230	2	2
chr3L	22568377	22568385	CNV-Q	ptg000019l	2712946	2712954	0000000500	8	2	1
chr3L	22568385	22568385	INS	ptg000019l	2711540	2712946	0000000501	1406	2	25.308
chr3L	22582399	22582411	CNV-R	ptg000019l	2722233	2722245	0000000502	12	2	2
chr3L	22577676	22582399	DEL	ptg000019l	2722245	2722245	0000000503	4723	172.405	2
chr3L	22801389	22821918	nCNV-R	ptg000019l	2941224	2961753	0000000504	20529	63	33
chr3L	22867110	22867120	CNV-R	ptg000019l	3005877	3005887	0000000505	10	1	2
chr3L	22866040	22867110	DEL	ptg000019l	3005887	3005887	0000000506	1070	190.131	2
chr3L	23188236	23188246	nCNV-Q	ptg000019l	3329345	3329355	0000000507	10	3	1
chr3L	23188246	23188246	INS	ptg000019l	3327033	3329345	0000000508	2312	3	126.075
chr3L	23693623	23693633	CNV-Q	ptg000019l	3838200	3838210	0000000509	10	2	1
chr3L	23693633	23693633	INS	ptg000019l	3834754	3838200	0000000510	3446	2	119.752
	32764	32764	INV		0	6892	0000000511	6892	0	0
chr3L	11613019	11617194	nCNV-R	ptg000027l	342704	346879	0000000512	4175	8	7
chr3L	11832186	11832204	CNV-Q	ptg000027l	561872	561890	0000000513	18	2	1
chr3L	11812205	11832186	CNV-R	ptg000027l	541891	561872	0000000514	19981	2	2
chr3L	11968343	11970856	nCNV-R	ptg000027l	699738	702251	0000000515	2513	13	9
chr3L	13046589	13046609	CNV-Q	ptg000027l	1783384	1783404	0000000516	20	2	1
chr3L	13046609	13046609	INS	ptg000027l	1778013	1783384	0000000517	5371	2	39.0452
chr3L	13269797	13283219	CNV-R	ptg000027l	2006588	2020010	0000000518	13422	2	2
chr3L	13283198	13283206	CNV-Q	ptg000027l	2021424	2021432	0000000519	8	2	2
chr3L	13283206	13283206	INS	ptg000027l	2020018	2021424	0000000520	1406	2	25.3122
	32764	32764	INV		0	480295	0000000521	480295	0	0
chr3L	23824849	23832233	nCNV-Q	ptg000030l	371616	379000	0000000522	7384	80	40
chr3L	23832233	23832233	INS	ptg000030l	379000	385222	0000000523	6222	156	49.7003
chr3L	9290611	9290616	CNV-Q	ptg000040l	2000640	2000645	0000000524	5	2.4	1.2
chr3L	9290616	9290616	INS	ptg000040l	2000645	2002072	0000000525	1427	2	24.9453
chr3L	9528160	9528170	CNV-R	ptg000040l	1764721	1764711	0000000526	10	1	2
chr3L	9526543	9528160	DEL	ptg000040l	1764711	1764711	0000000527	1617	189.983	2
chr3L	9932456	9932471	nCNV-Q	ptg000040l	1360400	1360415	0000000528	15	177	142
chr3L	9912479	9932456	CNV-R	ptg000040l	1380392	1360415	0000000529	19977	2	2
chr3L	10055778	10055788	nCNV-Q	ptg000040l	1235683	1235693	0000000530	10	2	4
chr3L	10055788	10055788	INS	ptg000040l	1235693	1237097	0000000531	1404	2	25.3226
chr3L	10278476	10278492	CNV-Q	ptg000040l	1008222	1008238	0000000532	16	2	1
chr3L	10278492	10278492	INS	ptg000040l	1008238	1012977	0000000533	4739	2	114.864
	32764	32764	INV		0	1766085	0000000534	1766085	0	0
chr3L	24796673	24796675	nCNV-R	ptg000045l	1630189	1630187	0000000535	2	80.5	3
chr3L	24791949	24796673	DEL	ptg000045l	1630187	1630187	0000000536	4724	172.454	2
chr3L	24871932	24881238	nCNV-Q	ptg000045l	1536315	1545621	0000000537	9306	5	4
chr3L	24881238	24881238	INS	ptg000045l	1545621	1545624	0000000538	3	66	16
chr3L	24977405	24977940	nCNV-Q	ptg000045l	1438181	1438716	0000000539	535	700	434
chr3L	24977940	24977940	INS	ptg000045l	1438716	1439683	0000000540	967	634	358.61
chr3L	25138386	25141194	nCNV-Q	ptg000045l	1272140	1274948	0000000541	2808	135	92
chr3L	25331872	25331883	nCNV-Q	ptg000045l	1077835	1077846	0000000542	11	2	3
chr3L	25331883	25331883	INS	ptg000045l	1077846	1081450	0000000543	3604	2	119.318
chr3L	25382609	25389303	nCNV-Q	ptg000045l	1013737	1020431	0000000544	6694	130	86
chr3L	25382234	25382609	nCNV-R	ptg000045l	1020806	1020431	0000000545	375	231	184
chr3L	25451902	25451916	nCNV-R	ptg000045l	955901	955887	0000000546	14	43	172
chr3L	25447168	25451902	DEL	ptg000045l	955887	955887	0000000547	4734	172.508	172
chr3L	25934998	25935009	nCNV-Q	ptg000045l	467999	468010	0000000548	11	7	1
chr3L	25935009	25935009	INS	ptg000045l	468010	472731	0000000549	4721	7	115.09
chr3L	26051333	26055944	nCNV-Q	ptg000045l	342454	347065	0000000550	4611	11	10
chr3L	26051331	26051333	nCNV-R	ptg000045l	347067	347065	0000000551	2	7.5	4.5
chr3L	26101081	26107088	nCNV-Q	ptg000045l	282469	288476	0000000552	6007	44	38
chr3L	26107088	26107088	INS	ptg000045l	288476	291306	0000000553	2830	43	43.2216
chr3L	27015880	27046204	nCNV-R	ptg000130l	287905	318229	0000000554	30324	5	1
chr3L	26695058	26695217	CNV-R	ptg000130l	304233	304391	0000000555	159	2	2
chr3L	26677937	26695058	DEL	ptg000130l	318229	318229	0000000556	17121	50.5622	12
	32764	32764	INV		0	387508	0000000557	387508	0	0
chr3L	24247661	24247667	nCNV-R	ptg000137l	340055	340049	0000000558	6	10	16
chr3L	24242517	24247661	DEL	ptg000137l	340049	340049	0000000559	5144	108.677	16
chr3L	24442729	24442736	nCNV-Q	ptg000137l	144909	144916	0000000560	7	39	16
chr3L	24442736	24442736	INS	ptg000137l	144916	144961	0000000561	45	39	15.3778
chr3L	24458564	24458905	nCNV-R	ptg000137l	129441	129100	0000000562	341	37	24
chr3L	24458545	24458564	DEL	ptg000137l	129100	129100	0000000563	19	52	25
chr3L	24521250	24521736	nCNV-Q	ptg000137l	64848	65334	0000000564	486	691	438
chr3L	24521736	24521736	INS	ptg000137l	65334	66272	0000000565	938	111	379.37
chr3R	17769061	17769065	nCNV-Q	ptg000006l	8122241	8122245	0000000566	4	2.5	123.25
chr3R	17769065	17769065	INS	ptg000006l	8122245	8129713	0000000567	7468	2	159.107
chr3R	18961909	18961920	CNV-Q	ptg000006l	6927930	6927941	0000000568	11	2	2
chr3R	18961920	18961920	INS	ptg000006l	6927941	6929344	0000000569	1403	2	25.3193
chr3R	19503273	19503280	CNV-Q	ptg000006l	6385155	6385162	0000000570	7	2	1
chr3R	19503280	19503280	INS	ptg000006l	6385162	6386569	0000000571	1407	2	25.2999
chr3R	19516039	19516051	CNV-Q	ptg000006l	6366991	6367003	0000000572	12	2	2
chr3R	19516051	19516051	INS	ptg000006l	6367003	6372384	0000000573	5381	2	39.0606
chr3R	19564283	19564295	CNV-Q	ptg000006l	6313356	6313368	0000000574	12	2	2
chr3R	19564295	19564295	INS	ptg000006l	6313368	6318747	0000000575	5379	2	39.0327
chr3R	19964598	19964616	CNV-Q	ptg000006l	5907651	5907669	0000000576	18	2	1
chr3R	19964616	19964616	INS	ptg000006l	5907669	5913039	0000000577	5370	2	39.1041
chr3R	20142870	20142878	CNV-Q	ptg000006l	5727976	5727984	0000000578	8	2	1
chr3R	20142878	20142878	INS	ptg000006l	5727984	5729390	0000000579	1406	2	25.3122
chr3R	20815119	20815131	nCNV-Q	ptg000006l	5050967	5050979	0000000580	12	2	5
chr3R	20815131	20815131	INS	ptg000006l	5050979	5055716	0000000581	4737	2	114.733
chr3R	21150153	21150156	nCNV-R	ptg000006l	4724370	4724367	0000000582	3	26	2.66667
chr3R	21141728	21150153	DEL	ptg000006l	4724367	4724367	0000000583	8425	21.7871	2
chr3R	21335583	21355587	CNV-R	ptg000006l	4538940	4518936	0000000584	20004	2	2
chr3R	21616917	21616920	nCNV-Q	ptg000006l	4254183	4254186	0000000585	3	2.66667	9.66667
chr3R	21616920	21616920	INS	ptg000006l	4254186	4257595	0000000586	3409	2	27.0859
chr3R	21809821	21809834	CNV-Q	ptg000006l	4056737	4056750	0000000587	13	2	1
chr3R	21809834	21809834	INS	ptg000006l	4056750	4061269	0000000588	4519	2	115.651
chr3R	22469141	22469341	INS	ptg000006l	3396028	3397434	0000000589	1406	0.01	25.3115
chr3R	22590790	22590795	CNV-Q	ptg000006l	3269821	3269826	0000000590	5	2.4	1.2
chr3R	22590795	22590795	INS	ptg000006l	3269826	3274574	0000000591	4748	2	114.416
chr3R	23390912	23390924	CNV-Q	ptg000006l	2464287	2464299	0000000592	12	2	2
chr3R	23390924	23390924	INS	ptg000006l	2464299	2469678	0000000593	5379	2	39.0426
chr3R	23516147	23516172	nCNV-Q	ptg000006l	2338883	2338908	0000000594	25	704	745
chr3R	23516172	23516172	INS	ptg000006l	2338908	2339036	0000000595	128	736	430.609
chr3R	23585878	23585886	CNV-Q	ptg000006l	2269169	2269177	0000000596	8	2	1
chr3R	23565894	23585878	CNV-R	ptg000006l	2289161	2269177	0000000597	19984	2	2
chr3R	23839134	23839146	nCNV-Q	ptg000006l	2011180	2011192	0000000598	12	177	141
chr3R	23839146	23839146	INS	ptg000006l	2011192	2015917	0000000599	4725	177	115.048
chr3R	24078377	24078386	nCNV-R	ptg000006l	1773356	1773347	0000000600	9	4	2
chr3R	24076972	24078377	DEL	ptg000006l	1773347	1773347	0000000601	1405	81.1566	2
chr3R	24684679	24684882	INS	ptg000006l	1165644	1167051	0000000602	1407	0.00985222	25.2992
chr3R	24865964	24865976	CNV-Q	ptg000006l	980979	980991	0000000603	12	2	1
chr3R	24865976	24865976	INS	ptg000006l	980991	984547	0000000604	3556	2	116.689
chr3R	25515678	25515687	CNV-Q	ptg000006l	329851	329860	0000000605	9	2	1
chr3R	25515687	25515687	INS	ptg000006l	329860	331265	0000000606	1405	2	25.3089
chr3R	25781340	25781346	nCNV-Q	ptg000006l	58586	58592	0000000607	6	2	62
chr3R	25781346	25781346	INS	ptg000006l	58592	64190	0000000608	5598	2	76.8926
	0	0	INV		0	1	0000000609	1	0	0
chr3R	29739729	29739736	nCNV-R	ptg000012l	20612	20619	0000000610	7	4	2
chr3R	29738322	29739729	DEL	ptg000012l	20619	20619	0000000611	1407	81.1251	2
chr3R	29776816	29777196	INS	ptg000012l	57699	62402	0000000612	4703	0.00526316	136.017
chr3R	30062527	30082522	CNV-R	ptg000012l	347735	367730	0000000613	19995	2	2
chr3R	30086314	30086322	CNV-R	ptg000012l	370117	370125	0000000614	8	1	2
chr3R	30084908	30086314	DEL	ptg000012l	370125	370125	0000000615	1406	81.1316	2
chr3R	30324960	30347761	CNV-R	ptg000012l	608783	631584	0000000616	22801	2	2
chr3R	30347752	30347764	nCNV-Q	ptg000012l	638574	638586	0000000617	12	2	40
chr3R	30347764	30347764	INS	ptg000012l	631587	638574	0000000618	6987	2	73.3169
chr3R	31285563	31285569	nCNV-R	ptg000012l	1570264	1570270	0000000619	6	3	2
chr3R	31279431	31285563	DEL	ptg000012l	1570270	1570270	0000000620	6132	32.2745	2
chr3R	31662942	31662949	CNV-Q	ptg000012l	1949061	1949068	0000000621	7	2	1
chr3R	31662949	31662949	INS	ptg000012l	1947654	1949061	0000000622	1407	2	25.2992
chr3R	31696293	31696299	CNV-R	ptg000012l	1977701	1977707	0000000623	6	1	2
chr3R	31691586	31696293	DEL	ptg000012l	1977707	1977707	0000000624	4707	172.647	2
chr3R	31884647	31884656	CNV-Q	ptg000012l	2167470	2167479	0000000625	9	2	2
chr3R	31884656	31884656	INS	ptg000012l	2166065	2167470	0000000626	1405	2	25.321
chr3R	31955047	31955427	nCNV-R	ptg000012l	2238060	2238440	0000000627	380	254	97
chr3R	6601205	6601216	nCNV-Q	ptg000015l	10967482	10967493	0000000628	11	2	4
chr3R	6601216	6601216	INS	ptg000015l	10967493	10971101	0000000629	3608	2	143.04
chr3R	6784886	6784902	nCNV-Q	ptg000015l	10783605	10783621	0000000630	16	2	6
chr3R	6784902	6784902	INS	ptg000015l	10783621	10783796	0000000631	175	2	25.2457
chr3R	6903898	6903903	nCNV-Q	ptg000015l	10658206	10658211	0000000632	5	2.4	13.6
chr3R	6903903	6903903	INS	ptg000015l	10658211	10664605	0000000633	6394	2	161.886
chr3R	6959804	6959824	nCNV-Q	ptg000015l	10596894	10596914	0000000634	20	2	4
chr3R	6959824	6959824	INS	ptg000015l	10596914	10602284	0000000635	5370	2	39.1019
chr3R	7290425	7290439	CNV-Q	ptg000015l	10264840	10264854	0000000636	14	2	1
chr3R	7290439	7290439	INS	ptg000015l	10264854	10266253	0000000637	1399	2	25.3352
chr3R	7558575	7563273	DEL	ptg000015l	9996616	9996703	0000000638	4611	172.612	0.0229885
chr3R	7703428	7708524	nCNV-Q	ptg000015l	9846184	9851280	0000000639	5096	24	20
chr3R	7708524	7708524	INS	ptg000015l	9851280	9851364	0000000640	84	50	21.2738
chr3R	8929984	8929992	CNV-Q	ptg000015l	8617000	8617008	0000000641	8	2	2
chr3R	8929992	8929992	INS	ptg000015l	8617008	8624700	0000000642	7692	2	97.1632
chr3R	9798107	9798119	nCNV-Q	ptg000015l	7744117	7744129	0000000643	12	2	7
chr3R	9798119	9798119	INS	ptg000015l	7744129	7748856	0000000644	4727	2	114.901
chr3R	10541217	10541241	INS	ptg000015l	6999554	7001006	0000000645	1452	0.0833333	24.5399
chr3R	10603233	10603819	DEL	ptg000015l	6937561	6937561	0000000646	586	0.00341297	2
chr3R	12475231	12477302	nCNV-R	ptg000015l	5063204	5061133	0000000647	2071	45	35
chr3R	12482480	12481098	CNV-Q	ptg000015l	6935490	5061133	0000000648	-1382	-0	1
chr3R	12480409	12482480	nCNV-R	ptg000015l	6937561	5061133	0000000649	2071	45	1
chr3R	12481098	12486854	DEL	ptg000015l	5045458	5045458	0000000650	5756	56.8284	20
chr3R	12489061	12489477	nCNV-R	ptg000015l	5048689	5048273	0000000651	416	89	72
chr3R	12488251	12489061	DEL	ptg000015l	5048273	5048273	0000000652	810	42.4346	78
chr3R	12489692	12490108	nCNV-R	ptg000015l	5049655	5048273	0000000653	416	47	34
chr3R	12489564	12489692	DEL	ptg000015l	5048186	5048186	0000000654	128	50.9062	66
chr3R	12489692	12493218	nCNV-Q	ptg000015l	5059678	5063204	0000000655	3526	42	20
chr3R	12836684	12836691	CNV-Q	ptg000015l	4697719	4697726	0000000656	7	2	1
chr3R	12836691	12836691	INS	ptg000015l	4697726	4699133	0000000657	1407	2	25.3014
chr3R	12863026	12863031	nCNV-Q	ptg000015l	4666211	4666216	0000000658	5	2.4	5
chr3R	12863031	12863031	INS	ptg000015l	4666216	4671379	0000000659	5163	2	51.6605
chr3R	12995384	12995387	nCNV-Q	ptg000015l	4526788	4526791	0000000660	3	2.66667	14.6667
chr3R	12995387	12995387	INS	ptg000015l	4526791	4533850	0000000661	7059	2	28.8005
chr3R	13915043	13915218	DEL	ptg000015l	3607104	3607121	0000000662	158	0.0114286	0.117647
chr3R	15756356	15756365	CNV-Q	ptg000015l	1764524	1764533	0000000663	9	2	2
chr3R	15756365	15756365	INS	ptg000015l	1764533	1765938	0000000664	1405	2	25.321
chr3R	16133994	16134014	CNV-Q	ptg000015l	1381480	1381500	0000000665	20	2	1
chr3R	16134014	16134014	INS	ptg000015l	1381500	1386870	0000000666	5370	2	39.0838
chr3R	16231640	16231653	CNV-Q	ptg000015l	1279277	1279290	0000000667	13	2	1
chr3R	16231653	16231653	INS	ptg000015l	1279290	1283841	0000000668	4551	2	137.201
chr3R	16762508	16762512	nCNV-R	ptg000015l	754558	754554	0000000669	4	6	2.5
chr3R	16756374	16762508	DEL	ptg000015l	754554	754554	0000000670	6134	32.4232	2
chr3R	16794301	16794715	CNV-Q	ptg000015l	721933	722347	0000000671	414	2	1
chr3R	16794715	16794715	INS	ptg000015l	722347	722351	0000000672	4	2	0.5
	32764	32764	INV		0	1	0000000673	1	0	0
chr3R	25930697	25930704	CNV-Q	ptg000022l	100750	100757	0000000674	7	2	1
chr3R	25930704	25930704	INS	ptg000022l	97768	100750	0000000675	2982	2	13.9571
chr3R	26196723	26196737	CNV-Q	ptg000025l	3517794	3517808	0000000676	14	2	2
chr3R	26196737	26196737	INS	ptg000025l	3517808	3523182	0000000677	5374	2	39.0865
chr3R	26292413	26292422	nCNV-Q	ptg000025l	3420695	3420704	0000000678	9	2	3
chr3R	26292422	26292422	INS	ptg000025l	3420704	3422109	0000000679	1405	2	25.321
chr3R	26795605	26795612	nCNV-Q	ptg000025l	2916090	2916097	0000000680	7	2	3
chr3R	26795612	26795612	INS	ptg000025l	2916097	2917504	0000000681	1407	2	25.2893
chr3R	26998581	27018580	CNV-R	ptg000025l	2713121	2693122	0000000682	19999	2	2
chr3R	27351372	27351375	nCNV-R	ptg000025l	2368843	2368840	0000000683	3	23.3333	2.66667
chr3R	27342847	27351372	DEL	ptg000025l	2368840	2368840	0000000684	8525	21.1059	2
chr3R	27421187	27421189	nCNV-R	ptg000025l	2299156	2299154	0000000685	2	1.5	3
chr3R	27421059	27421187	DEL	ptg000025l	2299154	2299154	0000000686	128	0.015625	2
chr3R	27505284	27505290	nCNV-Q	ptg000025l	2213631	2213637	0000000687	6	2	6
chr3R	27505290	27505290	INS	ptg000025l	2213637	2215051	0000000688	1414	2	25.1535
chr3R	27731002	27731014	CNV-R	ptg000025l	1993305	1993293	0000000689	12	2	2
chr3R	27725625	27731002	DEL	ptg000025l	1993293	1993293	0000000690	5377	50.0125	2
chr3R	28073930	28073941	CNV-R	ptg000025l	1655750	1655739	0000000691	11	1	2
chr3R	28068552	28073930	DEL	ptg000025l	1655739	1655739	0000000692	5378	50.0452	2
chr3R	28077505	28077513	CNV-Q	ptg000025l	1650753	1650761	0000000693	8	2	1
chr3R	28077513	28077513	INS	ptg000025l	1650761	1652167	0000000694	1406	2	25.3044
chr3R	28949386	28949395	nCNV-Q	ptg000025l	777481	777490	0000000695	9	2	3
chr3R	28949395	28949395	INS	ptg000025l	777490	778895	0000000696	1405	2	25.3103
chr3R	3807916	3807920	nCNV-Q	ptg000028l	222779	222783	0000000697	4	268.75	177.75
chr3R	3807920	3807920	INS	ptg000028l	222783	227928	0000000698	5145	215	51.5258
chr3R	3817066	3823226	nCNV-Q	ptg000028l	201376	207536	0000000699	6160	38	13
chr3R	3816463	3817066	nCNV-R	ptg000028l	208139	207536	0000000700	603	82	68
	32764	32764	INV		0	7836	0000000701	7836	0	0
chr3R	6167090	6167098	CNV-R	ptg000041l	1099741	1099749	0000000702	8	1	2
chr3R	6158568	6167090	DEL	ptg000041l	1099749	1099749	0000000703	8522	20.9666	2
chr3R	6171826	6171834	nCNV-Q	ptg000041l	1109864	1109872	0000000704	8	2	6
chr3R	6171834	6171834	INS	ptg000041l	1104485	1109864	0000000705	5379	2	39.0297
	32764	32764	INV		0	389244	0000000706	389244	0	0
chr3R	2703449	2707714	nCNV-R	ptg000069l	367821	363556	0000000707	4265	2	3
chr3R	2755863	2760128	nCNV-R	ptg000069l	389244	363556	0000000708	4265	37	3
chr3R	2757911	2762337	nCNV-R	ptg000069l	310934	304142	0000000709	4426	38	41
chr3R	2759657	2760258	nCNV-Q	ptg000069l	311764	311163	0000000710	601	45	42
chr3R	2760258	2796769	DEL	ptg000069l	311163	311163	0000000711	36511	63.111	28
chr3R	2805218	2805426	nCNV-Q	ptg000069l	251736	250247	0000000712	208	80	81
chr3R	2805424	2805426	nCNV-Q	ptg000069l	251734	251736	0000000713	2	226	112.5
chr3R	2805426	2805426	INS	ptg000069l	251736	251939	0000000714	203	162	62.3645
chr3R	2860243	2860520	nCNV-R	ptg000069l	272914	272647	0000000715	277	6	3
chr3R	2858885	2860227	nCNV-R	ptg000069l	322981	324261	0000000716	1342	3	2
chr3R	2806895	2858885	DEL	ptg000069l	250247	250247	0000000717	51990	55.2702	63
chr3R	2995024	2998362	CNV-R	ptg000069l	112958	116304	0000000718	3338	2	2
chr3R	2923767	2927113	CNV-R	ptg000069l	41702	45040	0000000719	3346	2	2
chr3R	3023467	3033447	CNV-R	ptg000069l	10596	616	0000000720	9980	2	2
	0	0	INV		0	1403	0000000721	1403	0	0
chr3R	4202371	4202391	CNV-Q	ptg000093l	29502	29522	0000000722	20	2	1
chr3R	4182411	4202371	CNV-R	ptg000093l	9542	29502	0000000723	19960	2	2
chr3R	4672819	4692828	CNV-R	ptg000093l	499933	519942	0000000724	20009	2	2
chr3R	4888154	4888463	nCNV-R	ptg000093l	715426	715735	0000000725	309	29	24
chr3R	4901147	4901235	DEL	ptg000093l	728420	728421	0000000726	87	0.0227273	2
chr3R	5052945	5052948	nCNV-R	ptg000093l	873084	873087	0000000727	3	33	2.66667
chr3R	5045899	5052945	DEL	ptg000093l	873087	873087	0000000728	7046	54.5412	2
chr3R	1471929	1471937	nCNV-Q	ptg000098l	11889	11897	0000000729	8	143	97
chr3R	1471937	1471937	INS	ptg000098l	10775	11889	0000000730	1114	143	544.256
chr3R	1528943	1529606	nCNV-R	ptg000098l	69567	70230	0000000731	663	3	5
	32764	32764	INV		0	7462	0000000732	7462	0	0
chr4	940390	940401	nCNV-Q	ptg000043l	155163	155174	0000000733	11	2	5
chr4	940401	940401	INS	ptg000043l	150438	155163	0000000734	4725	2	115.135
chr4	1021359	1022105	CNV-Q	ptg000043l	237278	238024	0000000735	746	2	1
chr4	1022105	1022105	INS	ptg000043l	236885	237278	0000000736	393	2	0.00508906
chr4	1145446	1145996	nCNV-Q	ptg000043l	361939	362489	0000000737	550	34	4
chr4	1145996	1145996	INS	ptg000043l	361917	361939	0000000738	22	28	6.36364
chr4	224749	235618	CNV-R	ptg000053l	568886	558017	0000000739	10869	2	2
chr4	561542	561689	nCNV-R	ptg000053l	232275	232128	0000000740	147	276	154
chr4	561503	561542	DEL	ptg000053l	232128	232128	0000000741	39	334.231	145
chr4	680174	680190	nCNV-R	ptg000053l	122174	122158	0000000742	16	9	2
chr4	671659	680174	DEL	ptg000053l	122158	122158	0000000743	8515	21.0639	2
chr4	1235715	1236878	nCNV-R	ptg000157l	543	1706	0000000744	1163	4	8
chr4	1237088	1237525	nCNV-R	ptg000157l	1114	1551	0000000745	437	5	8
	1237414	1237414	INV		1551	40680	0000000746	39129	0	0
chrUn_DS483707v1	2984	3005	INS	ptg000094l	38068	38231	0000000747	163	0.0952381	0.0122699
	0	0	INV		32764	15747282	0000000748	15714518	0	0
chrX	691447	691456	CNV-Q	ptg000003l	15350008	15350017	0000000749	9	2	1
chrX	691456	691456	INS	ptg000003l	15350017	15353643	0000000750	3626	2	81.3687
chrX	1040982	1040986	nCNV-R	ptg000003l	15008051	15008047	0000000751	4	37.75	2.5
chrX	1033406	1040982	DEL	ptg000003l	15008047	15008047	0000000752	7576	51.259	2
chrX	1260522	1260528	nCNV-Q	ptg000003l	14780737	14780743	0000000753	6	2	5
chrX	1260528	1260528	INS	ptg000003l	14780743	14788489	0000000754	7746	2	159.27
chrX	1439466	1439577	nCNV-Q	ptg000003l	14601575	14601686	0000000755	111	4	7
chrX	1438463	1439466	nCNV-R	ptg000003l	14602689	14601686	0000000756	1003	4	6
chrX	1569445	1569455	CNV-R	ptg000003l	14473438	14473428	0000000757	10	1	2
chrX	1567711	1569445	DEL	ptg000003l	14473428	14473428	0000000758	1734	50.128	2
chrX	1635440	1635443	nCNV-R	ptg000003l	14414849	14414846	0000000759	3	27.6667	2.66667
chrX	1628028	1635440	DEL	ptg000003l	14414846	14414846	0000000760	7412	15.5062	2
chrX	2132685	2132693	nCNV-Q	ptg000003l	13917142	13917150	0000000761	8	432	185
chrX	2132693	2132693	INS	ptg000003l	13917150	13917573	0000000762	423	433	172.331
chrX	2317374	2317377	nCNV-R	ptg000003l	13740985	13740982	0000000763	3	23	2.66667
chrX	2308847	2317374	DEL	ptg000003l	13740982	13740982	0000000764	8527	21.0265	2
chrX	2420609	2424600	nCNV-R	ptg000003l	13638460	13634469	0000000765	3991	19	22
chrX	2656412	2656416	nCNV-Q	ptg000003l	13397495	13397499	0000000766	4	2.5	28.75
chrX	2656416	2656416	INS	ptg000003l	13397499	13402645	0000000767	5146	2	53.479
chrX	2942459	2942474	CNV-Q	ptg000003l	13111398	13111413	0000000768	15	2	1
chrX	2922438	2942459	CNV-R	ptg000003l	13131434	13111413	0000000769	20021	2	2
chrX	3070888	3220120	CNV-R	ptg000003l	12982202	13131434	0000000770	149232	1	1
chrX	3070880	3070888	DEL	ptg000003l	13131434	13131434	0000000771	8	588	2
chrX	3070880	3070880	INV	ptg000003l	12982957	12982202	0000000772	-755	1	1
chrX	3071689	3071764	nCNV-Q	ptg000003l	13131359	13131434	0000000773	75	362	2
chrX	3071764	3071764	INV	ptg000003l	12983079	12982200	0000000774	-879	362	2
chrX	3180457	3180469	nCNV-Q	ptg000003l	12873386	12873398	0000000775	12	63	30
chrX	3160461	3180457	CNV-R	ptg000003l	12893394	12873398	0000000776	19996	2	2
chrX	3562864	3562869	nCNV-Q	ptg000003l	12484827	12484832	0000000777	5	2.4	2.4
chrX	3562869	3562869	INS	ptg000003l	12484832	12490965	0000000778	6133	2	22.3797
chrX	3607314	3619882	DEL	ptg000003l	12440379	12440379	0000000779	12568	175.053	2
chrX	3727886	3729656	nCNV-R	ptg000003l	12332677	12330907	0000000780	1770	284	99
chrX	4140855	4140860	nCNV-Q	ptg000003l	11914542	11914547	0000000781	5	2.4	17
chrX	4140860	4140860	INS	ptg000003l	11914547	11919694	0000000782	5147	2	53.3116
chrX	4303428	4323436	CNV-R	ptg000003l	11751974	11731966	0000000783	20008	2	2
chrX	4922037	4924587	nCNV-R	ptg000003l	11133616	11131066	0000000784	2550	4	4
chrX	4986687	4986692	nCNV-Q	ptg000003l	11063812	11063817	0000000785	5	2.4	6.4
chrX	4986692	4986692	INS	ptg000003l	11063817	11068962	0000000786	5145	2	52.2682
chrX	5521939	5523965	nCNV-R	ptg000003l	10529252	10527226	0000000787	2026	137	85
chrX	5601369	5601374	CNV-Q	ptg000003l	10449815	10449820	0000000788	5	2.4	1.4
chrX	5581363	5601369	CNV-R	ptg000003l	10469826	10449820	0000000789	20006	2	2
chrX	5886261	5886269	nCNV-Q	ptg000003l	10163504	10163512	0000000790	8	2	4
chrX	5886269	5886269	INS	ptg000003l	10163512	10164918	0000000791	1406	2	25.3122
chrX	6337719	6337722	nCNV-R	ptg000003l	9714497	9714494	0000000792	3	39	3
chrX	6335265	6337719	DEL	ptg000003l	9714494	9714494	0000000793	2454	21.6528	3
chrX	6337722	6354897	CNV-R	ptg000003l	9714494	9697319	0000000794	17175	2	2
chrX	6400030	6400037	nCNV-Q	ptg000003l	9650753	9650760	0000000795	7	7	5
chrX	6400037	6400037	INS	ptg000003l	9650760	9652167	0000000796	1407	7	25.3085
chrX	6542967	6542982	CNV-Q	ptg000003l	9502411	9502426	0000000797	15	2	1
chrX	6542982	6542982	INS	ptg000003l	9502426	9507799	0000000798	5373	2	39.0957
chrX	6571298	6571301	nCNV-R	ptg000003l	9482524	9482521	0000000799	3	23.3333	2.66667
chrX	6562872	6571298	DEL	ptg000003l	9482521	9482521	0000000800	8426	21.5313	2
chrX	6732011	6732019	CNV-Q	ptg000003l	9316650	9316658	0000000801	8	2	2
chrX	6732019	6732019	INS	ptg000003l	9316658	9321802	0000000802	5144	2	51.903
chrX	6953446	6957351	nCNV-R	ptg000003l	9095580	9091675	0000000803	3905	15	21
chrX	7679281	7679288	nCNV-Q	ptg000003l	8362661	8362668	0000000804	7	2	4
chrX	7679288	7679288	INS	ptg000003l	8362668	8369723	0000000805	7055	2	28.8442
chrX	7793210	7793229	CNV-Q	ptg000003l	8248718	8248737	0000000806	19	2	1
chrX	7773235	7793210	CNV-R	ptg000003l	8268712	8248737	0000000807	19975	2	2
chrX	7812790	7821677	nCNV-Q	ptg000003l	8209566	8218453	0000000808	8887	20	10
chrX	7821677	7821677	INS	ptg000003l	8218453	8220293	0000000809	1840	10	17.544
chrX	7905265	7905278	CNV-Q	ptg000003l	8121234	8121247	0000000810	13	2	1
chrX	7905278	7905278	INS	ptg000003l	8121247	8125961	0000000811	4714	2	115.114
chrX	8184232	8184417	nCNV-Q	ptg000003l	7841904	7842089	0000000812	185	2	4
chrX	8181594	8184232	nCNV-R	ptg000003l	7844727	7842089	0000000813	2638	4	4
chrX	8701835	8702555	nCNV-Q	ptg000003l	7323031	7323751	0000000814	720	33	45
chrX	8699126	8701835	nCNV-R	ptg000003l	7326460	7323751	0000000815	2709	63	63
chrX	9623621	9625482	nCNV-R	ptg000004l	5037814	5035953	0000000816	1861	6408	1161
chrX	10317890	10317904	CNV-Q	ptg000004l	4342872	4342886	0000000817	14	2	1
chrX	10317904	10317904	INS	ptg000004l	4342886	4343517	0000000818	631	2	158.937
chrX	10394995	10395956	nCNV-R	ptg000004l	4265085	4264124	0000000819	961	54	73
chrX	10515526	10515530	nCNV-Q	ptg000004l	4135442	4135446	0000000820	4	2.5	26.75
chrX	10515530	10515530	INS	ptg000004l	4135446	4144548	0000000821	9102	2	148.854
chrX	10532121	10532126	nCNV-R	ptg000004l	4125851	4125846	0000000822	5	101	2.4
chrX	10525126	10532121	DEL	ptg000004l	4125846	4125846	0000000823	6995	101.816	2
chrX	10552315	10552326	nCNV-R	ptg000004l	4107069	4107058	0000000824	11	3	2
chrX	10550912	10552315	DEL	ptg000004l	4107058	4107058	0000000825	1403	81.1917	2
chrX	10556314	10556325	nCNV-Q	ptg000004l	4098319	4098330	0000000826	11	2	4
chrX	10556325	10556325	INS	ptg000004l	4098330	4103059	0000000827	4729	2	114.596
chrX	10576498	10576501	nCNV-Q	ptg000004l	4071080	4071083	0000000828	3	2.66667	7.66667
chrX	10576501	10576501	INS	ptg000004l	4071083	4078142	0000000829	7059	2	28.8362
chrX	10757727	10757735	nCNV-Q	ptg000004l	3888436	3888444	0000000830	8	2	3
chrX	10757735	10757735	INS	ptg000004l	3888444	3889850	0000000831	1406	2	25.308
chrX	11490258	11490714	CNV-Q	ptg000004l	3155070	3155526	0000000832	456	2	1
chrX	11487622	11490258	CNV-R	ptg000004l	3158162	3155526	0000000833	2636	2	2
chrX	11497662	11497667	nCNV-Q	ptg000004l	3142856	3142861	0000000834	5	2.4	39
chrX	11497667	11497667	INS	ptg000004l	3142861	3148117	0000000835	5256	2	55.5493
chrX	11640468	11640472	nCNV-R	ptg000004l	3007057	3007053	0000000836	4	107.75	2.5
chrX	11633471	11640468	DEL	ptg000004l	3007053	3007053	0000000837	6997	101.789	2
chrX	11646915	11647166	nCNV-Q	ptg000004l	2999739	2999990	0000000838	251	357	131
chrX	11647166	11647166	INS	ptg000004l	2999990	3000359	0000000839	369	362	126.127
chrX	11750724	11756890	CNV-R	ptg000004l	2909451	2903285	0000000840	6166	1	2
chrX	11743621	11750724	DEL	ptg000004l	2903285	2903285	0000000841	7103	184.651	2
chrX	11889258	11891027	nCNV-R	ptg000004l	2770191	2768422	0000000842	1769	74	67
chrX	12046801	12047621	nCNV-R	ptg000004l	2612294	2611474	0000000843	820	7353	1046
chrX	12724978	12724988	CNV-Q	ptg000004l	1929581	1929591	0000000844	10	2	1
chrX	12724988	12724988	INS	ptg000004l	1929591	1934067	0000000845	4476	2	135.633
chrX	12797257	12797976	nCNV-Q	ptg000004l	1855877	1856596	0000000846	719	309	95
chrX	12794756	12797257	nCNV-R	ptg000004l	1859097	1856596	0000000847	2501	247	63
chrX	13159606	13159618	nCNV-Q	ptg000004l	1489479	1489491	0000000848	12	2	4
chrX	13159618	13159618	INS	ptg000004l	1489491	1494224	0000000849	4733	2	114.803
chrX	13718692	13718695	nCNV-Q	ptg000004l	923329	923332	0000000850	3	2.66667	13
chrX	13718695	13718695	INS	ptg000004l	923332	930378	0000000851	7046	2	28.8771
chrX	13941240	13941252	CNV-R	ptg000004l	703990	703978	0000000852	12	1	2
chrX	13938034	13941240	DEL	ptg000004l	703978	703978	0000000853	3206	49.2102	2
chrX	14047875	14061461	nCNV-R	ptg000004l	598597	585011	0000000854	13586	85	24
chrX	14082495	14082504	nCNV-Q	ptg000004l	562581	562590	0000000855	9	2	3
chrX	14082504	14082504	INS	ptg000004l	562590	563995	0000000856	1405	2	25.3146
chrX	14280232	14283172	nCNV-R	ptg000004l	366871	363931	0000000857	2940	24	11
chrX	14283285	14285952	nCNV-R	ptg000004l	361903	359236	0000000858	2667	4	20
chrX	14363406	14363413	CNV-Q	ptg000004l	280262	280269	0000000859	7	2	2
chrX	14363413	14363413	INS	ptg000004l	280269	281676	0000000860	1407	2	25.2957
chrX	14512597	14512749	nCNV-R	ptg000004l	130714	130562	0000000861	152	7	9
chrX	14613502	14613510	CNV-Q	ptg000004l	28363	28371	0000000862	8	2	1
chrX	14613510	14613510	INS	ptg000004l	28371	29777	0000000863	1406	2	25.3101
	0	0	INV		0	7633	0000000864	7633	0	0
chrX	17119374	17119377	nCNV-R	ptg000007l	773830	773833	0000000865	3	21	2.66667
chrX	17113803	17119374	DEL	ptg000007l	773833	773833	0000000866	5571	23.392	2
chrX	17556043	17554647	CNV-Q	ptg000007l	1211922	1213318	0000000867	-1396	-0	1
chrX	17554647	17554647	INS	ptg000007l	1209114	1210518	0000000868	1404	2	25.364
chrX	17554647	17554647	INV	ptg000007l	1209114	1212989	0000000869	3875	0	1
chrX	17557101	17557110	nCNV-Q	ptg000007l	1214396	1214405	0000000870	9	77	62
chrX	17557110	17557110	INS	ptg000007l	1212989	1214396	0000000871	1407	77	25.3383
chrX	17557110	17557110	INV	ptg000007l	1210518	1214396	0000000872	3878	77	62
chrX	17910308	17910311	nCNV-Q	ptg000007l	1574665	1574668	0000000873	3	2.66667	13
chrX	17910311	17910311	INS	ptg000007l	1567619	1574665	0000000874	7046	2	28.8771
chrX	18358591	18358602	CNV-Q	ptg000007l	2023647	2023658	0000000875	11	2	1
chrX	18358602	18358602	INS	ptg000007l	2022969	2023647	0000000876	678	2	159.18
chrX	18446662	18446671	CNV-Q	ptg000007l	2111718	2111727	0000000877	9	2	1
chrX	18426622	18446662	CNV-R	ptg000007l	2091678	2111718	0000000878	20040	2	2
chrX	18514676	18514685	CNV-Q	ptg000007l	2184463	2184472	0000000879	9	2	1
chrX	18514685	18514685	INS	ptg000007l	2179732	2184463	0000000880	4731	2	114.821
chrX	19402100	19402130	nCNV-Q	ptg000007l	3072046	3072076	0000000881	30	3	16
chrX	19402130	19402130	INS	ptg000007l	3071988	3072046	0000000882	58	3	21.2931
chrX	19917810	19920705	nCNV-R	ptg000007l	3577450	3580345	0000000883	2895	1	5
chrX	19912646	19915554	nCNV-R	ptg000007l	3577450	3580345	0000000884	2908	1	5
chrX	19910390	19910727	nCNV-R	ptg000007l	4777267	4777581	0000000885	337	1	5
chrX	19910728	19912646	DEL	ptg000007l	3580345	3580345	0000000886	1918	1.81595	7
chrX	19915555	19915891	nCNV-R	ptg000007l	4777268	4777581	0000000887	336	1	5
chrX	19931705	19935464	nCNV-R	ptg000007l	3577450	3581209	0000000888	3759	1	5
chrX	19925613	19929449	nCNV-R	ptg000007l	3581204	3585074	0000000889	3836	3	3
chrX	19921576	19925613	DEL	ptg000007l	3581209	3581209	0000000890	4037	210.035	4
chrX	19929450	19929786	nCNV-R	ptg000007l	4777229	4777581	0000000891	336	1	5
chrX	19932879	19940503	nCNV-R	ptg000007l	3577450	3585074	0000000892	7624	3	3
chrX	19941521	19958751	nCNV-R	ptg000007l	3577450	3594680	0000000893	17230	1	3
chrX	19939393	19939602	nCNV-R	ptg000007l	4777356	4777581	0000000894	209	1	5
chrX	19939603	19941521	DEL	ptg000007l	3594680	3594680	0000000895	1918	1.83368	6
chrX	19979686	19987310	nCNV-R	ptg000007l	3577450	3585074	0000000896	7624	1	3
chrX	20085426	20085433	nCNV-Q	ptg000007l	3724180	3724187	0000000897	7	2	3
chrX	20085433	20085433	INS	ptg000007l	3722773	3724180	0000000898	1407	2	25.3021
chrX	20174838	20182029	nCNV-R	ptg000007l	3813592	3820783	0000000899	7191	7	4
chrX	20174876	20185273	nCNV-R	ptg000007l	3851631	3862028	0000000900	10397	4	8
chrX	20182665	20189868	nCNV-R	ptg000007l	3852184	3859387	0000000901	7203	4	7
chrX	20211765	20228336	nCNV-R	ptg000007l	3834942	3851513	0000000902	16571	5	4
chrX	20230395	20231016	nCNV-Q	ptg000007l	3854154	3854775	0000000903	621	5	7
chrX	20220653	20230395	nCNV-R	ptg000007l	3844412	3854154	0000000904	9742	5	5
chrX	20300399	20310301	CNV-R	ptg000007l	3921509	3931411	0000000905	9902	1	2
chrX	20300392	20300399	DEL	ptg000007l	3931411	3931411	0000000906	7	0.285714	2
chrX	20378779	20378786	nCNV-R	ptg000007l	3998478	3998485	0000000907	7	4	2
chrX	20377372	20378779	DEL	ptg000007l	3998485	3998485	0000000908	1407	81.0903	2
chrX	20448456	20448468	CNV-Q	ptg000007l	4073541	4073553	0000000909	12	2	1
chrX	20448468	20448468	INS	ptg000007l	4068167	4073541	0000000910	5374	2	39.0787
chrX	20643673	20643682	CNV-Q	ptg000007l	4270181	4270190	0000000911	9	2	1
chrX	20643682	20643682	INS	ptg000007l	4268776	4270181	0000000912	1405	2	25.3068
chrX	20672859	20673285	nCNV-R	ptg000007l	4300421	4300847	0000000913	426	8	5
chrX	20942187	20942193	CNV-R	ptg000007l	4568339	4568345	0000000914	6	1	2
chrX	20940777	20942187	DEL	ptg000007l	4568345	4568345	0000000915	1410	80.9248	2
chrX	20962416	20962443	CNV-R	ptg000007l	4583179	4583206	0000000916	27	1	2
chrX	20957053	20962416	DEL	ptg000007l	4583206	4583206	0000000917	5363	50.107	2
chrX	21559680	21559704	CNV-Q	ptg000007l	5180461	5180485	0000000918	24	2	1
chrX	21539711	21559680	nCNV-R	ptg000007l	5160492	5180461	0000000919	19969	38	32
chrX	21606731	21626744	CNV-R	ptg000007l	5227483	5247496	0000000920	20013	2	2
chrX	22523897	22524941	nCNV-R	ptg000024l	213319	214363	0000000921	1044	253	142
chrX	22611040	22612972	CNV-R	ptg000024l	300407	302339	0000000922	1932	2	2
chrX	22630035	22630046	CNV-Q	ptg000024l	321706	321717	0000000923	11	2	1
chrX	22630046	22630046	INS	ptg000024l	319413	321706	0000000924	2293	2	125.88
chrX	23021092	23021583	nCNV-R	ptg000024l	712169	712660	0000000925	491	114	3
chrX	23020991	23021092	DEL	ptg000024l	712660	712660	0000000926	101	35.8911	3
chrX	23021092	23021845	nCNV-Q	ptg000024l	719449	720202	0000000927	753	106	2
chrX	23021845	23021845	INS	ptg000024l	712921	719449	0000000928	6528	68	0.000306373
	32764	32764	INV		0	7129	0000000929	7129	0	0
chrX	15326740	15326930	DEL	ptg000035l	508097	508142	0000000930	145	44.0737	0.0444444
chrX	15560593	15560602	CNV-Q	ptg000035l	744796	744805	0000000931	9	2	1
chrX	15560602	15560602	INS	ptg000035l	741816	744796	0000000932	2980	2	13.9654
chrX	15816858	15816881	INS	ptg000035l	1001062	1004044	0000000933	2982	0.0869565	13.9628
chrX	16018342	16039422	nCNV-R	ptg000035l	1204309	1225389	0000000934	21080	8	12
chrX	16056621	16057495	nCNV-Q	ptg000035l	1243423	1244297	0000000935	874	4	39
chrX	16044446	16056621	nCNV-R	ptg000035l	1231248	1243423	0000000936	12175	4	17
	32764	32764	INV		32764	263424	0000000937	230660	0	0
chrX	186648	187262	CNV-Q	ptg000056l	123084	123698	0000000938	614	2	1
chrX	187262	187262	INS	ptg000056l	123698	123703	0000000939	5	2	0.4
chrX	218381	220063	nCNV-Q	ptg000056l	88695	90377	0000000940	1682	27	40
chrX	220063	220063	INS	ptg000056l	90377	90378	0000000941	1	25	53
chrX	220183	226453	nCNV-Q	ptg000056l	76119	82389	0000000942	6270	21	42
chrX	226453	226453	INS	ptg000056l	82389	82394	0000000943	5	31	12.2
chrX	238797	239135	nCNV-Q	ptg000056l	63080	63418	0000000944	338	9	41
chrX	226578	238797	nCNV-R	ptg000056l	75637	63418	0000000945	12219	23	46
	32764	32764	INV		32764	1788353	0000000946	1755589	0	0
chrY	656106	656128	CNV-R	ptg000058l	1785300	1785278	0000000947	22	1	2
chrY	656005	656106	DEL	ptg000058l	1785278	1785278	0000000948	101	0.019802	2
	0	0	INV		0	82697	0000000949	82697	0	0
chrY	3665091	3665092	nCNV-R	ptg000087l	84406	84407	0000000950	1	2	4
chrY	3665041	3665091	DEL	ptg000087l	84407	84407	0000000951	50	0.04	2
chrY	85264	85269	CNV-Q	ptg000144l	3464	3469	0000000952	5	2.4	1.2
chrY	85269	85269	INS	ptg000144l	3469	3525	0000000953	56	2	0.0357143
	32764	32764	INV		32764	4642	0000000954	-28122	0	0
chrY	3565730	3565775	CNV-R	ptg000148l	1796	1751	0000000955	45	1	2
chrY	3565630	3565730	DEL	ptg000148l	1751	1751	0000000956	100	0.02	2
